			Stock 1			Stock 2			Stock 3			Stock 4
			2			42			0			56
			3			41			0			56
			4			40			0			56
			5			39			0			56
			6			38			0			56
			7			37			0			56
			8			36			0			56
			9			35			0			56
			10			34			0			56
			11			33			0			56
			12			32			0			56
			13			31			0			56
			14			30			0			56
			15			29			0			56
			15			0			29			56
			16			28			0			56
			16			0			28			56
			17			27			0			56
			17			0			27			56
			18			26			0			56
			18			0			26			56
			19			0			25			56
			20			0			24			56
			2			41			1			56
			3			40			1			56
			4			39			1			56
			5			38			1			56
			6			37			1			56
			7			36			1			56
			8			35			1			56
			9			34			1			56
			10			33			1			56
			11			32			1			56
			12			31			1			56
			13			30			1			56
			14			29			1			56
			14			1			29			56
			15			28			1			56
			15			1			28			56
			16			27			1			56
			16			1			27			56
			17			26			1			56
			17			1			26			56
			18			25			1			56
			18			1			25			56
			19			1			24			56
			20			1			23			56
			3			39			2			56
			4			38			2			56
			5			37			2			56
			6			36			2			56
			7			35			2			56
			8			34			2			56
			9			33			2			56
			10			32			2			56
			11			31			2			56
			12			30			2			56
			13			29			2			56
			14			28			2			56
			14			2			28			56
			15			27			2			56
			15			2			27			56
			16			26			2			56
			16			2			26			56
			17			25			2			56
			17			2			25			56
			18			24			2			56
			18			2			24			56
			19			2			23			56
			20			2			22			56
			3			38			3			56
			3			37			4			56
			4			37			3			56
			5			36			3			56
			6			35			3			56
			7			34			3			56
			8			33			3			56
			9			32			3			56
			10			31			3			56
			11			30			3			56
			12			29			3			56
			13			28			3			56
			14			27			3			56
			14			3			27			56
			15			26			3			56
			15			3			26			56
			16			25			3			56
			16			3			25			56
			17			24			3			56
			17			3			24			56
			18			23			3			56
			18			3			23			56
			19			3			22			56
			20			3			21			56
			4			36			4			56
			4			35			5			56
			5			35			4			56
			4			34			6			56
			6			34			4			56
			7			33			4			56
			8			32			4			56
			9			31			4			56
			10			30			4			56
			11			29			4			56
			12			28			4			56
			13			27			4			56
			13			4			27			56
			14			26			4			56
			14			4			26			56
			15			25			4			56
			15			4			25			56
			16			24			4			56
			16			4			24			56
			17			23			4			56
			17			4			23			56
			18			22			4			56
			18			4			22			56
			19			4			21			56
			20			4			20			56
			5			34			5			56
			5			33			6			56
			6			33			5			56
			5			32			7			56
			7			32			5			56
			5			31			8			56
			8			31			5			56
			9			30			5			56
			10			29			5			56
			11			28			5			56
			12			27			5			56
			13			26			5			56
			13			5			26			56
			14			25			5			56
			14			5			25			56
			15			24			5			56
			15			5			24			56
			16			23			5			56
			16			5			23			56
			17			22			5			56
			17			5			22			56
			18			21			5			56
			18			5			21			56
			19			5			20			56
			20			5			19			56
			6			32			6			56
			6			31			7			56
			7			31			6			56
			6			30			8			56
			8			30			6			56
			6			29			9			56
			9			29			6			56
			6			28			10			56
			10			28			6			56
			11			27			6			56
			12			26			6			56
			13			25			6			56
			13			6			25			56
			14			24			6			56
			14			6			24			56
			15			23			6			56
			15			6			23			56
			16			22			6			56
			16			6			22			56
			17			21			6			56
			17			6			21			56
			18			20			6			56
			18			6			20			56
			19			6			19			56
			7			30			7			56
			7			29			8			56
			8			29			7			56
			7			28			9			56
			9			28			7			56
			7			27			10			56
			10			27			7			56
			7			26			11			56
			11			26			7			56
			7			25			12			56
			12			25			7			56
			7			24			13			56
			13			24			7			56
			13			7			24			56
			14			23			7			56
			14			7			23			56
			15			22			7			56
			15			7			22			56
			16			21			7			56
			16			7			21			56
			17			20			7			56
			17			7			20			56
			18			19			7			56
			18			7			19			56
			19			7			18			56
			8			28			8			56
			8			27			9			56
			9			27			8			56
			8			26			10			56
			10			26			8			56
			8			25			11			56
			11			25			8			56
			8			24			12			56
			12			24			8			56
			12			8			24			56
			8			23			13			56
			13			23			8			56
			13			8			23			56
			8			22			14			56
			14			22			8			56
			14			8			22			56
			8			21			15			56
			15			21			8			56
			15			8			21			56
			16			20			8			56
			16			8			20			56
			17			19			8			56
			17			8			19			56
			19			8			17			56
			18			18			8			56
			18			8			18			56
			9			26			9			56
			9			25			10			56
			10			25			9			56
			9			24			11			56
			11			24			9			56
			9			23			12			56
			12			23			9			56
			12			9			23			56
			9			22			13			56
			13			22			9			56
			13			9			22			56
			9			21			14			56
			14			21			9			56
			14			9			21			56
			9			20			15			56
			15			20			9			56
			15			9			20			56
			9			19			16			56
			16			19			9			56
			16			9			19			56
			19			16			9			56
			19			9			16			56
			9			18			17			56
			17			18			9			56
			17			9			18			56
			18			17			9			56
			18			9			17			56
			10			24			10			56
			10			23			11			56
			11			23			10			56
			10			22			12			56
			12			22			10			56
			12			10			22			56
			10			21			13			56
			13			21			10			56
			13			10			21			56
			10			20			14			56
			10			14			20			56
			14			20			10			56
			14			10			20			56
			10			19			15			56
			10			15			19			56
			15			19			10			56
			15			10			19			56
			19			15			10			56
			19			10			15			56
			10			18			16			56
			10			16			18			56
			16			18			10			56
			16			10			18			56
			18			16			10			56
			18			10			16			56
			10			17			17			56
			17			17			10			56
			17			10			17			56
			11			22			11			56
			11			11			22			56
			11			21			12			56
			11			12			21			56
			12			21			11			56
			12			11			21			56
			11			20			13			56
			11			13			20			56
			13			20			11			56
			13			11			20			56
			11			19			14			56
			11			14			19			56
			14			19			11			56
			14			11			19			56
			19			14			11			56
			19			11			14			56
			11			18			15			56
			11			15			18			56
			15			18			11			56
			15			11			18			56
			18			15			11			56
			18			11			15			56
			11			17			16			56
			11			16			17			56
			16			17			11			56
			16			11			17			56
			17			16			11			56
			17			11			16			56
			12			20			12			56
			12			12			20			56
			12			19			13			56
			12			13			19			56
			13			19			12			56
			13			12			19			56
			19			13			12			56
			19			12			13			56
			12			18			14			56
			12			14			18			56
			14			18			12			56
			14			12			18			56
			18			14			12			56
			18			12			14			56
			12			17			15			56
			12			15			17			56
			15			17			12			56
			15			12			17			56
			17			15			12			56
			17			12			15			56
			12			16			16			56
			16			16			12			56
			16			12			16			56
			13			18			13			56
			13			13			18			56
			18			13			13			56
			13			17			14			56
			13			14			17			56
			14			17			13			56
			14			13			17			56
			17			14			13			56
			17			13			14			56
			13			16			15			56
			13			15			16			56
			15			16			13			56
			15			13			16			56
			16			15			13			56
			16			13			15			56
			14			16			14			56
			14			14			16			56
			16			14			14			56
			14			15			15			56
			15			15			14			56
			15			14			15			56
			1			44			0			55
			2			43			0			55
			3			42			0			55
			4			41			0			55
			5			40			0			55
			6			39			0			55
			7			38			0			55
			8			37			0			55
			9			36			0			55
			10			35			0			55
			11			34			0			55
			12			33			0			55
			13			32			0			55
			14			31			0			55
			15			30			0			55
			15			0			30			55
			16			29			0			55
			16			0			29			55
			17			28			0			55
			17			0			28			55
			18			27			0			55
			18			0			27			55
			19			0			26			55
			20			0			25			55
			2			42			1			55
			3			41			1			55
			4			40			1			55
			5			39			1			55
			6			38			1			55
			7			37			1			55
			8			36			1			55
			9			35			1			55
			10			34			1			55
			11			33			1			55
			12			32			1			55
			13			31			1			55
			14			30			1			55
			14			1			30			55
			15			29			1			55
			15			1			29			55
			16			28			1			55
			16			1			28			55
			17			27			1			55
			17			1			27			55
			18			26			1			55
			18			1			26			55
			19			1			25			55
			20			1			24			55
			2			41			2			55
			3			40			2			55
			4			39			2			55
			5			38			2			55
			6			37			2			55
			7			36			2			55
			8			35			2			55
			9			34			2			55
			10			33			2			55
			11			32			2			55
			12			31			2			55
			13			30			2			55
			14			29			2			55
			14			2			29			55
			15			28			2			55
			15			2			28			55
			16			27			2			55
			16			2			27			55
			17			26			2			55
			17			2			26			55
			18			25			2			55
			18			2			25			55
			19			2			24			55
			20			2			23			55
			3			39			3			55
			3			38			4			55
			4			38			3			55
			3			37			5			55
			5			37			3			55
			6			36			3			55
			7			35			3			55
			8			34			3			55
			9			33			3			55
			10			32			3			55
			11			31			3			55
			12			30			3			55
			13			29			3			55
			14			28			3			55
			14			3			28			55
			15			27			3			55
			15			3			27			55
			16			26			3			55
			16			3			26			55
			17			25			3			55
			17			3			25			55
			18			24			3			55
			18			3			24			55
			19			3			23			55
			20			3			22			55
			4			37			4			55
			4			36			5			55
			5			36			4			55
			4			35			6			55
			6			35			4			55
			4			34			7			55
			7			34			4			55
			8			33			4			55
			9			32			4			55
			10			31			4			55
			11			30			4			55
			12			29			4			55
			13			28			4			55
			13			4			28			55
			14			27			4			55
			14			4			27			55
			15			26			4			55
			15			4			26			55
			16			25			4			55
			16			4			25			55
			17			24			4			55
			17			4			24			55
			18			23			4			55
			18			4			23			55
			19			4			22			55
			20			4			21			55
			5			35			5			55
			5			34			6			55
			6			34			5			55
			5			33			7			55
			7			33			5			55
			5			32			8			55
			8			32			5			55
			5			31			9			55
			9			31			5			55
			10			30			5			55
			11			29			5			55
			12			28			5			55
			13			27			5			55
			13			5			27			55
			14			26			5			55
			14			5			26			55
			15			25			5			55
			15			5			25			55
			16			24			5			55
			16			5			24			55
			17			23			5			55
			17			5			23			55
			18			22			5			55
			18			5			22			55
			19			5			21			55
			20			5			20			55
			6			33			6			55
			6			32			7			55
			7			32			6			55
			6			31			8			55
			8			31			6			55
			6			30			9			55
			9			30			6			55
			6			29			10			55
			10			29			6			55
			6			28			11			55
			11			28			6			55
			12			27			6			55
			13			26			6			55
			13			6			26			55
			14			25			6			55
			14			6			25			55
			15			24			6			55
			15			6			24			55
			16			23			6			55
			16			6			23			55
			17			22			6			55
			17			6			22			55
			18			21			6			55
			18			6			21			55
			19			6			20			55
			7			31			7			55
			7			30			8			55
			8			30			7			55
			7			29			9			55
			9			29			7			55
			7			28			10			55
			10			28			7			55
			7			27			11			55
			11			27			7			55
			7			26			12			55
			12			26			7			55
			7			25			13			55
			13			25			7			55
			13			7			25			55
			7			24			14			55
			14			24			7			55
			14			7			24			55
			15			23			7			55
			15			7			23			55
			16			22			7			55
			16			7			22			55
			17			21			7			55
			17			7			21			55
			18			20			7			55
			18			7			20			55
			19			7			19			55
			8			29			8			55
			8			28			9			55
			9			28			8			55
			8			27			10			55
			10			27			8			55
			8			26			11			55
			11			26			8			55
			8			25			12			55
			12			25			8			55
			12			8			25			55
			8			24			13			55
			13			24			8			55
			13			8			24			55
			8			23			14			55
			14			23			8			55
			14			8			23			55
			8			22			15			55
			15			22			8			55
			15			8			22			55
			8			21			16			55
			16			21			8			55
			16			8			21			55
			17			20			8			55
			17			8			20			55
			18			19			8			55
			18			8			19			55
			19			8			18			55
			9			27			9			55
			9			26			10			55
			10			26			9			55
			9			25			11			55
			11			25			9			55
			9			24			12			55
			12			24			9			55
			12			9			24			55
			9			23			13			55
			13			23			9			55
			13			9			23			55
			9			22			14			55
			14			22			9			55
			14			9			22			55
			9			21			15			55
			15			21			9			55
			15			9			21			55
			9			20			16			55
			16			20			9			55
			16			9			20			55
			9			19			17			55
			17			19			9			55
			17			9			19			55
			19			9			17			55
			9			18			18			55
			18			18			9			55
			18			9			18			55
			10			25			10			55
			10			24			11			55
			11			24			10			55
			10			23			12			55
			12			23			10			55
			12			10			23			55
			10			22			13			55
			13			22			10			55
			13			10			22			55
			10			21			14			55
			10			14			21			55
			14			21			10			55
			14			10			21			55
			10			20			15			55
			10			15			20			55
			15			20			10			55
			15			10			20			55
			10			19			16			55
			10			16			19			55
			16			19			10			55
			16			10			19			55
			19			16			10			55
			19			10			16			55
			10			18			17			55
			10			17			18			55
			17			18			10			55
			17			10			18			55
			18			17			10			55
			18			10			17			55
			11			23			11			55
			11			11			23			55
			11			22			12			55
			11			12			22			55
			12			22			11			55
			12			11			22			55
			11			21			13			55
			11			13			21			55
			13			21			11			55
			13			11			21			55
			11			20			14			55
			11			14			20			55
			14			20			11			55
			14			11			20			55
			11			19			15			55
			11			15			19			55
			15			19			11			55
			15			11			19			55
			19			15			11			55
			19			11			15			55
			11			18			16			55
			11			16			18			55
			16			18			11			55
			16			11			18			55
			18			16			11			55
			18			11			16			55
			11			17			17			55
			17			17			11			55
			17			11			17			55
			12			21			12			55
			12			12			21			55
			12			20			13			55
			12			13			20			55
			13			20			12			55
			13			12			20			55
			12			19			14			55
			12			14			19			55
			14			19			12			55
			14			12			19			55
			19			14			12			55
			19			12			14			55
			12			18			15			55
			12			15			18			55
			15			18			12			55
			15			12			18			55
			18			15			12			55
			18			12			15			55
			12			17			16			55
			12			16			17			55
			16			17			12			55
			16			12			17			55
			17			16			12			55
			17			12			16			55
			13			19			13			55
			13			13			19			55
			19			13			13			55
			13			18			14			55
			13			14			18			55
			14			18			13			55
			14			13			18			55
			18			14			13			55
			18			13			14			55
			13			17			15			55
			13			15			17			55
			15			17			13			55
			15			13			17			55
			17			15			13			55
			17			13			15			55
			13			16			16			55
			16			16			13			55
			16			13			16			55
			14			17			14			55
			14			14			17			55
			17			14			14			55
			14			16			15			55
			14			15			16			55
			15			16			14			55
			15			14			16			55
			16			15			14			55
			16			14			15			55
			15			15			15			55
			2			41			0			57
			3			40			0			57
			4			39			0			57
			5			38			0			57
			6			37			0			57
			7			36			0			57
			8			35			0			57
			9			34			0			57
			10			33			0			57
			11			32			0			57
			12			31			0			57
			13			30			0			57
			14			29			0			57
			15			28			0			57
			15			0			28			57
			16			27			0			57
			16			0			27			57
			17			26			0			57
			17			0			26			57
			18			25			0			57
			18			0			25			57
			19			0			24			57
			20			0			23			57
			3			39			1			57
			4			38			1			57
			5			37			1			57
			6			36			1			57
			7			35			1			57
			8			34			1			57
			9			33			1			57
			10			32			1			57
			11			31			1			57
			12			30			1			57
			13			29			1			57
			14			28			1			57
			14			1			28			57
			15			27			1			57
			15			1			27			57
			16			26			1			57
			16			1			26			57
			17			25			1			57
			17			1			25			57
			18			24			1			57
			18			1			24			57
			19			1			23			57
			20			1			22			57
			3			38			2			57
			4			37			2			57
			5			36			2			57
			6			35			2			57
			7			34			2			57
			8			33			2			57
			9			32			2			57
			10			31			2			57
			11			30			2			57
			12			29			2			57
			13			28			2			57
			14			27			2			57
			14			2			27			57
			15			26			2			57
			15			2			26			57
			16			25			2			57
			16			2			25			57
			17			24			2			57
			17			2			24			57
			18			23			2			57
			18			2			23			57
			19			2			22			57
			20			2			21			57
			3			37			3			57
			4			36			3			57
			5			35			3			57
			6			34			3			57
			7			33			3			57
			8			32			3			57
			9			31			3			57
			10			30			3			57
			11			29			3			57
			12			28			3			57
			13			27			3			57
			14			26			3			57
			14			3			26			57
			15			25			3			57
			15			3			25			57
			16			24			3			57
			16			3			24			57
			17			23			3			57
			17			3			23			57
			18			22			3			57
			18			3			22			57
			19			3			21			57
			20			3			20			57
			4			35			4			57
			4			34			5			57
			5			34			4			57
			6			33			4			57
			7			32			4			57
			8			31			4			57
			9			30			4			57
			10			29			4			57
			11			28			4			57
			12			27			4			57
			13			26			4			57
			13			4			26			57
			14			25			4			57
			14			4			25			57
			15			24			4			57
			15			4			24			57
			16			23			4			57
			16			4			23			57
			17			22			4			57
			17			4			22			57
			18			21			4			57
			18			4			21			57
			19			4			20			57
			20			4			19			57
			5			33			5			57
			5			32			6			57
			6			32			5			57
			5			31			7			57
			7			31			5			57
			8			30			5			57
			9			29			5			57
			10			28			5			57
			11			27			5			57
			12			26			5			57
			13			25			5			57
			13			5			25			57
			14			24			5			57
			14			5			24			57
			15			23			5			57
			15			5			23			57
			16			22			5			57
			16			5			22			57
			17			21			5			57
			17			5			21			57
			18			20			5			57
			18			5			20			57
			20			5			18			57
			19			5			19			57
			6			31			6			57
			6			30			7			57
			7			30			6			57
			6			29			8			57
			8			29			6			57
			6			28			9			57
			9			28			6			57
			10			27			6			57
			11			26			6			57
			12			25			6			57
			13			24			6			57
			13			6			24			57
			14			23			6			57
			14			6			23			57
			15			22			6			57
			15			6			22			57
			16			21			6			57
			16			6			21			57
			17			20			6			57
			17			6			20			57
			18			19			6			57
			18			6			19			57
			19			6			18			57
			7			29			7			57
			7			28			8			57
			8			28			7			57
			7			27			9			57
			9			27			7			57
			7			26			10			57
			10			26			7			57
			7			25			11			57
			11			25			7			57
			7			24			12			57
			12			24			7			57
			13			23			7			57
			13			7			23			57
			14			22			7			57
			14			7			22			57
			15			21			7			57
			15			7			21			57
			16			20			7			57
			16			7			20			57
			17			19			7			57
			17			7			19			57
			19			7			17			57
			18			18			7			57
			18			7			18			57
			8			27			8			57
			8			26			9			57
			9			26			8			57
			8			25			10			57
			10			25			8			57
			8			24			11			57
			11			24			8			57
			8			23			12			57
			12			23			8			57
			12			8			23			57
			8			22			13			57
			13			22			8			57
			13			8			22			57
			8			21			14			57
			14			21			8			57
			14			8			21			57
			15			20			8			57
			15			8			20			57
			16			19			8			57
			16			8			19			57
			19			16			8			57
			19			8			16			57
			17			18			8			57
			17			8			18			57
			18			17			8			57
			18			8			17			57
			9			25			9			57
			9			24			10			57
			10			24			9			57
			9			23			11			57
			11			23			9			57
			9			22			12			57
			12			22			9			57
			12			9			22			57
			9			21			13			57
			13			21			9			57
			13			9			21			57
			9			20			14			57
			14			20			9			57
			14			9			20			57
			9			19			15			57
			15			19			9			57
			15			9			19			57
			19			15			9			57
			19			9			15			57
			9			18			16			57
			16			18			9			57
			16			9			18			57
			18			16			9			57
			18			9			16			57
			17			17			9			57
			17			9			17			57
			10			23			10			57
			10			22			11			57
			11			22			10			57
			10			21			12			57
			12			21			10			57
			12			10			21			57
			10			20			13			57
			13			20			10			57
			13			10			20			57
			10			19			14			57
			10			14			19			57
			14			19			10			57
			14			10			19			57
			19			14			10			57
			19			10			14			57
			10			18			15			57
			10			15			18			57
			15			18			10			57
			15			10			18			57
			18			15			10			57
			18			10			15			57
			10			17			16			57
			10			16			17			57
			16			17			10			57
			16			10			17			57
			17			16			10			57
			17			10			16			57
			11			21			11			57
			11			11			21			57
			11			20			12			57
			11			12			20			57
			12			20			11			57
			12			11			20			57
			11			19			13			57
			11			13			19			57
			13			19			11			57
			13			11			19			57
			19			13			11			57
			19			11			13			57
			11			18			14			57
			11			14			18			57
			14			18			11			57
			14			11			18			57
			18			14			11			57
			18			11			14			57
			11			17			15			57
			11			15			17			57
			15			17			11			57
			15			11			17			57
			17			15			11			57
			17			11			15			57
			11			16			16			57
			16			16			11			57
			16			11			16			57
			12			19			12			57
			12			12			19			57
			19			12			12			57
			12			18			13			57
			12			13			18			57
			13			18			12			57
			13			12			18			57
			18			13			12			57
			18			12			13			57
			12			17			14			57
			12			14			17			57
			14			17			12			57
			14			12			17			57
			17			14			12			57
			17			12			14			57
			12			16			15			57
			12			15			16			57
			15			16			12			57
			15			12			16			57
			16			15			12			57
			16			12			15			57
			13			17			13			57
			13			13			17			57
			17			13			13			57
			13			16			14			57
			13			14			16			57
			14			16			13			57
			14			13			16			57
			16			14			13			57
			16			13			14			57
			13			15			15			57
			15			15			13			57
			15			13			15			57
			14			15			14			57
			14			14			15			57
			15			14			14			57
			1			45			0			54
			2			44			0			54
			3			43			0			54
			4			42			0			54
			5			41			0			54
			6			40			0			54
			7			39			0			54
			8			38			0			54
			9			37			0			54
			10			36			0			54
			11			35			0			54
			12			34			0			54
			13			33			0			54
			14			32			0			54
			15			31			0			54
			15			0			31			54
			16			30			0			54
			16			0			30			54
			17			29			0			54
			17			0			29			54
			18			0			28			54
			19			0			27			54
			20			0			26			54
			1			44			1			54
			2			43			1			54
			3			42			1			54
			4			41			1			54
			5			40			1			54
			6			39			1			54
			7			38			1			54
			8			37			1			54
			9			36			1			54
			10			35			1			54
			11			34			1			54
			12			33			1			54
			13			32			1			54
			14			31			1			54
			14			1			31			54
			15			30			1			54
			15			1			30			54
			16			29			1			54
			16			1			29			54
			17			28			1			54
			17			1			28			54
			18			27			1			54
			18			1			27			54
			19			1			26			54
			20			1			25			54
			2			42			2			54
			2			41			3			54
			3			41			2			54
			4			40			2			54
			5			39			2			54
			6			38			2			54
			7			37			2			54
			8			36			2			54
			9			35			2			54
			10			34			2			54
			11			33			2			54
			12			32			2			54
			13			31			2			54
			14			30			2			54
			14			2			30			54
			15			29			2			54
			15			2			29			54
			16			28			2			54
			16			2			28			54
			17			27			2			54
			17			2			27			54
			18			26			2			54
			18			2			26			54
			19			2			25			54
			20			2			24			54
			3			40			3			54
			3			39			4			54
			4			39			3			54
			3			38			5			54
			5			38			3			54
			3			37			6			54
			6			37			3			54
			7			36			3			54
			8			35			3			54
			9			34			3			54
			10			33			3			54
			11			32			3			54
			12			31			3			54
			13			30			3			54
			14			29			3			54
			14			3			29			54
			15			28			3			54
			15			3			28			54
			16			27			3			54
			16			3			27			54
			17			26			3			54
			17			3			26			54
			18			25			3			54
			18			3			25			54
			19			3			24			54
			20			3			23			54
			4			38			4			54
			4			37			5			54
			5			37			4			54
			4			36			6			54
			6			36			4			54
			4			35			7			54
			7			35			4			54
			4			34			8			54
			8			34			4			54
			9			33			4			54
			10			32			4			54
			11			31			4			54
			12			30			4			54
			13			29			4			54
			13			4			29			54
			14			28			4			54
			14			4			28			54
			15			27			4			54
			15			4			27			54
			16			26			4			54
			16			4			26			54
			17			25			4			54
			17			4			25			54
			18			24			4			54
			18			4			24			54
			19			4			23			54
			20			4			22			54
			5			36			5			54
			5			35			6			54
			6			35			5			54
			5			34			7			54
			7			34			5			54
			5			33			8			54
			8			33			5			54
			5			32			9			54
			9			32			5			54
			5			31			10			54
			10			31			5			54
			11			30			5			54
			12			29			5			54
			13			28			5			54
			13			5			28			54
			14			27			5			54
			14			5			27			54
			15			26			5			54
			15			5			26			54
			16			25			5			54
			16			5			25			54
			17			24			5			54
			17			5			24			54
			18			23			5			54
			18			5			23			54
			19			5			22			54
			20			5			21			54
			6			34			6			54
			6			33			7			54
			7			33			6			54
			6			32			8			54
			8			32			6			54
			6			31			9			54
			9			31			6			54
			6			30			10			54
			10			30			6			54
			6			29			11			54
			11			29			6			54
			6			28			12			54
			12			28			6			54
			13			27			6			54
			13			6			27			54
			14			26			6			54
			14			6			26			54
			15			25			6			54
			15			6			25			54
			16			24			6			54
			16			6			24			54
			17			23			6			54
			17			6			23			54
			18			22			6			54
			18			6			22			54
			19			6			21			54
			7			32			7			54
			7			31			8			54
			8			31			7			54
			7			30			9			54
			9			30			7			54
			7			29			10			54
			10			29			7			54
			7			28			11			54
			11			28			7			54
			7			27			12			54
			12			27			7			54
			7			26			13			54
			13			26			7			54
			13			7			26			54
			7			25			14			54
			14			25			7			54
			14			7			25			54
			7			24			15			54
			15			24			7			54
			15			7			24			54
			16			23			7			54
			16			7			23			54
			17			22			7			54
			17			7			22			54
			18			21			7			54
			18			7			21			54
			19			7			20			54
			8			30			8			54
			8			29			9			54
			9			29			8			54
			8			28			10			54
			10			28			8			54
			8			27			11			54
			11			27			8			54
			8			26			12			54
			12			26			8			54
			12			8			26			54
			8			25			13			54
			13			25			8			54
			13			8			25			54
			8			24			14			54
			14			24			8			54
			14			8			24			54
			8			23			15			54
			15			23			8			54
			15			8			23			54
			8			22			16			54
			16			22			8			54
			16			8			22			54
			8			21			17			54
			17			21			8			54
			17			8			21			54
			18			20			8			54
			18			8			20			54
			19			8			19			54
			9			28			9			54
			9			27			10			54
			10			27			9			54
			9			26			11			54
			11			26			9			54
			9			25			12			54
			12			25			9			54
			12			9			25			54
			9			24			13			54
			13			24			9			54
			13			9			24			54
			9			23			14			54
			14			23			9			54
			14			9			23			54
			9			22			15			54
			15			22			9			54
			15			9			22			54
			9			21			16			54
			16			21			9			54
			16			9			21			54
			9			20			17			54
			17			20			9			54
			17			9			20			54
			9			19			18			54
			9			18			19			54
			18			19			9			54
			18			9			19			54
			19			9			18			54
			10			26			10			54
			10			25			11			54
			11			25			10			54
			10			24			12			54
			12			24			10			54
			12			10			24			54
			10			23			13			54
			13			23			10			54
			13			10			23			54
			10			22			14			54
			10			14			22			54
			14			22			10			54
			14			10			22			54
			10			21			15			54
			10			15			21			54
			15			21			10			54
			15			10			21			54
			10			20			16			54
			10			16			20			54
			16			20			10			54
			16			10			20			54
			10			19			17			54
			10			17			19			54
			17			19			10			54
			17			10			19			54
			19			10			17			54
			10			18			18			54
			18			18			10			54
			18			10			18			54
			11			24			11			54
			11			11			24			54
			11			23			12			54
			11			12			23			54
			12			23			11			54
			12			11			23			54
			11			22			13			54
			11			13			22			54
			13			22			11			54
			13			11			22			54
			11			21			14			54
			11			14			21			54
			14			21			11			54
			14			11			21			54
			11			20			15			54
			11			15			20			54
			15			20			11			54
			15			11			20			54
			11			19			16			54
			11			16			19			54
			16			19			11			54
			16			11			19			54
			19			16			11			54
			19			11			16			54
			11			18			17			54
			11			17			18			54
			17			18			11			54
			17			11			18			54
			18			17			11			54
			18			11			17			54
			12			22			12			54
			12			12			22			54
			12			21			13			54
			12			13			21			54
			13			21			12			54
			13			12			21			54
			12			20			14			54
			12			14			20			54
			14			20			12			54
			14			12			20			54
			12			19			15			54
			12			15			19			54
			15			19			12			54
			15			12			19			54
			19			15			12			54
			19			12			15			54
			12			18			16			54
			12			16			18			54
			16			18			12			54
			16			12			18			54
			18			16			12			54
			18			12			16			54
			12			17			17			54
			17			17			12			54
			17			12			17			54
			13			20			13			54
			13			13			20			54
			13			19			14			54
			13			14			19			54
			14			19			13			54
			14			13			19			54
			19			14			13			54
			19			13			14			54
			13			18			15			54
			13			15			18			54
			15			18			13			54
			15			13			18			54
			18			15			13			54
			18			13			15			54
			13			17			16			54
			13			16			17			54
			16			17			13			54
			16			13			17			54
			17			16			13			54
			17			13			16			54
			14			18			14			54
			14			14			18			54
			18			14			14			54
			14			17			15			54
			14			15			17			54
			15			17			14			54
			15			14			17			54
			17			15			14			54
			17			14			15			54
			14			16			16			54
			16			16			14			54
			16			14			16			54
			15			16			15			54
			15			15			16			54
			16			15			15			54
			3			39			0			58
			4			38			0			58
			5			37			0			58
			6			36			0			58
			7			35			0			58
			8			34			0			58
			9			33			0			58
			10			32			0			58
			11			31			0			58
			12			30			0			58
			13			29			0			58
			14			28			0			58
			15			27			0			58
			15			0			27			58
			16			26			0			58
			16			0			26			58
			17			25			0			58
			17			0			25			58
			18			24			0			58
			18			0			24			58
			19			0			23			58
			20			0			22			58
			3			38			1			58
			4			37			1			58
			5			36			1			58
			6			35			1			58
			7			34			1			58
			8			33			1			58
			9			32			1			58
			10			31			1			58
			11			30			1			58
			12			29			1			58
			13			28			1			58
			14			27			1			58
			14			1			27			58
			15			26			1			58
			15			1			26			58
			16			25			1			58
			16			1			25			58
			17			24			1			58
			17			1			24			58
			18			23			1			58
			18			1			23			58
			19			1			22			58
			20			1			21			58
			3			37			2			58
			4			36			2			58
			5			35			2			58
			6			34			2			58
			7			33			2			58
			8			32			2			58
			9			31			2			58
			10			30			2			58
			11			29			2			58
			12			28			2			58
			13			27			2			58
			14			26			2			58
			14			2			26			58
			15			25			2			58
			15			2			25			58
			16			24			2			58
			16			2			24			58
			17			23			2			58
			17			2			23			58
			18			22			2			58
			18			2			22			58
			19			2			21			58
			20			2			20			58
			4			35			3			58
			5			34			3			58
			6			33			3			58
			7			32			3			58
			8			31			3			58
			9			30			3			58
			10			29			3			58
			11			28			3			58
			12			27			3			58
			13			26			3			58
			14			25			3			58
			14			3			25			58
			15			24			3			58
			15			3			24			58
			16			23			3			58
			16			3			23			58
			17			22			3			58
			17			3			22			58
			18			21			3			58
			18			3			21			58
			19			3			20			58
			20			3			19			58
			4			34			4			58
			5			33			4			58
			6			32			4			58
			7			31			4			58
			8			30			4			58
			9			29			4			58
			10			28			4			58
			11			27			4			58
			12			26			4			58
			13			25			4			58
			13			4			25			58
			14			24			4			58
			14			4			24			58
			15			23			4			58
			15			4			23			58
			16			22			4			58
			16			4			22			58
			17			21			4			58
			17			4			21			58
			18			20			4			58
			18			4			20			58
			20			4			18			58
			19			4			19			58
			5			32			5			58
			5			31			6			58
			6			31			5			58
			7			30			5			58
			8			29			5			58
			9			28			5			58
			10			27			5			58
			11			26			5			58
			12			25			5			58
			13			24			5			58
			13			5			24			58
			14			23			5			58
			14			5			23			58
			15			22			5			58
			15			5			22			58
			16			21			5			58
			16			5			21			58
			17			20			5			58
			17			5			20			58
			20			5			17			58
			18			19			5			58
			18			5			19			58
			19			5			18			58
			6			30			6			58
			6			29			7			58
			7			29			6			58
			6			28			8			58
			8			28			6			58
			9			27			6			58
			10			26			6			58
			11			25			6			58
			12			24			6			58
			13			23			6			58
			13			6			23			58
			14			22			6			58
			14			6			22			58
			15			21			6			58
			15			6			21			58
			16			20			6			58
			16			6			20			58
			17			19			6			58
			17			6			19			58
			19			6			17			58
			18			18			6			58
			18			6			18			58
			7			28			7			58
			7			27			8			58
			8			27			7			58
			7			26			9			58
			9			26			7			58
			7			25			10			58
			10			25			7			58
			7			24			11			58
			11			24			7			58
			12			23			7			58
			13			22			7			58
			13			7			22			58
			14			21			7			58
			14			7			21			58
			15			20			7			58
			15			7			20			58
			16			19			7			58
			16			7			19			58
			19			16			7			58
			19			7			16			58
			17			18			7			58
			17			7			18			58
			18			17			7			58
			18			7			17			58
			8			26			8			58
			8			25			9			58
			9			25			8			58
			8			24			10			58
			10			24			8			58
			8			23			11			58
			11			23			8			58
			8			22			12			58
			12			22			8			58
			12			8			22			58
			8			21			13			58
			13			21			8			58
			13			8			21			58
			14			20			8			58
			14			8			20			58
			15			19			8			58
			15			8			19			58
			19			15			8			58
			19			8			15			58
			16			18			8			58
			16			8			18			58
			18			16			8			58
			18			8			16			58
			17			17			8			58
			17			8			17			58
			9			24			9			58
			9			23			10			58
			10			23			9			58
			9			22			11			58
			11			22			9			58
			9			21			12			58
			12			21			9			58
			12			9			21			58
			9			20			13			58
			13			20			9			58
			13			9			20			58
			9			19			14			58
			14			19			9			58
			14			9			19			58
			19			14			9			58
			19			9			14			58
			9			18			15			58
			15			18			9			58
			15			9			18			58
			18			15			9			58
			18			9			15			58
			16			17			9			58
			16			9			17			58
			17			16			9			58
			17			9			16			58
			10			22			10			58
			10			21			11			58
			11			21			10			58
			10			20			12			58
			12			20			10			58
			12			10			20			58
			10			19			13			58
			13			19			10			58
			13			10			19			58
			19			13			10			58
			19			10			13			58
			10			18			14			58
			10			14			18			58
			14			18			10			58
			14			10			18			58
			18			14			10			58
			18			10			14			58
			10			17			15			58
			10			15			17			58
			15			17			10			58
			15			10			17			58
			17			15			10			58
			17			10			15			58
			10			16			16			58
			16			16			10			58
			16			10			16			58
			11			20			11			58
			11			11			20			58
			11			19			12			58
			11			12			19			58
			12			19			11			58
			12			11			19			58
			19			12			11			58
			19			11			12			58
			11			18			13			58
			11			13			18			58
			13			18			11			58
			13			11			18			58
			18			13			11			58
			18			11			13			58
			11			17			14			58
			11			14			17			58
			14			17			11			58
			14			11			17			58
			17			14			11			58
			17			11			14			58
			11			16			15			58
			11			15			16			58
			15			16			11			58
			15			11			16			58
			16			15			11			58
			16			11			15			58
			12			18			12			58
			12			12			18			58
			18			12			12			58
			12			17			13			58
			12			13			17			58
			13			17			12			58
			13			12			17			58
			17			13			12			58
			17			12			13			58
			12			16			14			58
			12			14			16			58
			14			16			12			58
			14			12			16			58
			16			14			12			58
			16			12			14			58
			12			15			15			58
			15			15			12			58
			15			12			15			58
			13			16			13			58
			13			13			16			58
			16			13			13			58
			13			15			14			58
			13			14			15			58
			14			15			13			58
			14			13			15			58
			15			14			13			58
			15			13			14			58
			14			14			14			58
			3			38			0			59
			4			37			0			59
			5			36			0			59
			6			35			0			59
			7			34			0			59
			8			33			0			59
			9			32			0			59
			10			31			0			59
			11			30			0			59
			12			29			0			59
			13			28			0			59
			14			27			0			59
			15			26			0			59
			15			0			26			59
			16			25			0			59
			16			0			25			59
			17			24			0			59
			17			0			24			59
			18			23			0			59
			18			0			23			59
			19			0			22			59
			20			0			21			59
			3			37			1			59
			4			36			1			59
			5			35			1			59
			6			34			1			59
			7			33			1			59
			8			32			1			59
			9			31			1			59
			10			30			1			59
			11			29			1			59
			12			28			1			59
			13			27			1			59
			14			26			1			59
			14			1			26			59
			15			25			1			59
			15			1			25			59
			16			24			1			59
			16			1			24			59
			17			23			1			59
			17			1			23			59
			18			22			1			59
			18			1			22			59
			19			1			21			59
			20			1			20			59
			4			35			2			59
			5			34			2			59
			6			33			2			59
			7			32			2			59
			8			31			2			59
			9			30			2			59
			10			29			2			59
			11			28			2			59
			12			27			2			59
			13			26			2			59
			14			25			2			59
			14			2			25			59
			15			24			2			59
			15			2			24			59
			16			23			2			59
			16			2			23			59
			17			22			2			59
			17			2			22			59
			18			21			2			59
			18			2			21			59
			19			2			20			59
			20			2			19			59
			4			34			3			59
			5			33			3			59
			6			32			3			59
			7			31			3			59
			8			30			3			59
			9			29			3			59
			10			28			3			59
			11			27			3			59
			12			26			3			59
			13			25			3			59
			14			24			3			59
			14			3			24			59
			15			23			3			59
			15			3			23			59
			16			22			3			59
			16			3			22			59
			17			21			3			59
			17			3			21			59
			18			20			3			59
			18			3			20			59
			20			3			18			59
			19			3			19			59
			5			32			4			59
			6			31			4			59
			7			30			4			59
			8			29			4			59
			9			28			4			59
			10			27			4			59
			11			26			4			59
			12			25			4			59
			13			24			4			59
			13			4			24			59
			14			23			4			59
			14			4			23			59
			15			22			4			59
			15			4			22			59
			16			21			4			59
			16			4			21			59
			17			20			4			59
			17			4			20			59
			20			4			17			59
			18			19			4			59
			18			4			19			59
			19			4			18			59
			5			31			5			59
			6			30			5			59
			7			29			5			59
			8			28			5			59
			9			27			5			59
			10			26			5			59
			11			25			5			59
			12			24			5			59
			13			23			5			59
			13			5			23			59
			14			22			5			59
			14			5			22			59
			15			21			5			59
			15			5			21			59
			16			20			5			59
			16			5			20			59
			20			5			16			59
			17			19			5			59
			17			5			19			59
			19			5			17			59
			18			18			5			59
			18			5			18			59
			6			29			6			59
			6			28			7			59
			7			28			6			59
			8			27			6			59
			9			26			6			59
			10			25			6			59
			11			24			6			59
			12			23			6			59
			13			22			6			59
			13			6			22			59
			14			21			6			59
			14			6			21			59
			15			20			6			59
			15			6			20			59
			16			19			6			59
			16			6			19			59
			19			16			6			59
			19			6			16			59
			17			18			6			59
			17			6			18			59
			18			17			6			59
			18			6			17			59
			7			27			7			59
			7			26			8			59
			8			26			7			59
			7			25			9			59
			9			25			7			59
			7			24			10			59
			10			24			7			59
			11			23			7			59
			12			22			7			59
			13			21			7			59
			13			7			21			59
			14			20			7			59
			14			7			20			59
			15			19			7			59
			15			7			19			59
			19			15			7			59
			19			7			15			59
			16			18			7			59
			16			7			18			59
			18			16			7			59
			18			7			16			59
			17			17			7			59
			17			7			17			59
			8			25			8			59
			8			24			9			59
			9			24			8			59
			8			23			10			59
			10			23			8			59
			8			22			11			59
			11			22			8			59
			8			21			12			59
			12			21			8			59
			12			8			21			59
			13			20			8			59
			13			8			20			59
			14			19			8			59
			14			8			19			59
			19			14			8			59
			19			8			14			59
			15			18			8			59
			15			8			18			59
			18			15			8			59
			18			8			15			59
			16			17			8			59
			16			8			17			59
			17			16			8			59
			17			8			16			59
			9			23			9			59
			9			22			10			59
			10			22			9			59
			9			21			11			59
			11			21			9			59
			9			20			12			59
			12			20			9			59
			12			9			20			59
			9			19			13			59
			13			19			9			59
			13			9			19			59
			19			13			9			59
			19			9			13			59
			9			18			14			59
			14			18			9			59
			14			9			18			59
			18			14			9			59
			18			9			14			59
			15			17			9			59
			15			9			17			59
			17			15			9			59
			17			9			15			59
			16			16			9			59
			16			9			16			59
			10			21			10			59
			10			20			11			59
			11			20			10			59
			10			19			12			59
			12			19			10			59
			12			10			19			59
			19			12			10			59
			19			10			12			59
			10			18			13			59
			13			18			10			59
			13			10			18			59
			18			13			10			59
			18			10			13			59
			10			17			14			59
			10			14			17			59
			14			17			10			59
			14			10			17			59
			17			14			10			59
			17			10			14			59
			10			16			15			59
			10			15			16			59
			15			16			10			59
			15			10			16			59
			16			15			10			59
			16			10			15			59
			11			19			11			59
			11			11			19			59
			19			11			11			59
			11			18			12			59
			11			12			18			59
			12			18			11			59
			12			11			18			59
			18			12			11			59
			18			11			12			59
			11			17			13			59
			11			13			17			59
			13			17			11			59
			13			11			17			59
			17			13			11			59
			17			11			13			59
			11			16			14			59
			11			14			16			59
			14			16			11			59
			14			11			16			59
			16			14			11			59
			16			11			14			59
			11			15			15			59
			15			15			11			59
			15			11			15			59
			12			17			12			59
			12			12			17			59
			17			12			12			59
			12			16			13			59
			12			13			16			59
			13			16			12			59
			13			12			16			59
			16			13			12			59
			16			12			13			59
			12			15			14			59
			12			14			15			59
			14			15			12			59
			14			12			15			59
			15			14			12			59
			15			12			14			59
			13			15			13			59
			13			13			15			59
			15			13			13			59
			13			14			14			59
			14			14			13			59
			14			13			14			59
			3			37			0			60
			4			36			0			60
			5			35			0			60
			6			34			0			60
			7			33			0			60
			8			32			0			60
			9			31			0			60
			10			30			0			60
			11			29			0			60
			12			28			0			60
			13			27			0			60
			14			26			0			60
			15			25			0			60
			15			0			25			60
			16			24			0			60
			16			0			24			60
			17			23			0			60
			17			0			23			60
			18			22			0			60
			18			0			22			60
			19			0			21			60
			20			0			20			60
			4			35			1			60
			5			34			1			60
			6			33			1			60
			7			32			1			60
			8			31			1			60
			9			30			1			60
			10			29			1			60
			11			28			1			60
			12			27			1			60
			13			26			1			60
			14			25			1			60
			14			1			25			60
			15			24			1			60
			15			1			24			60
			16			23			1			60
			16			1			23			60
			17			22			1			60
			17			1			22			60
			18			21			1			60
			18			1			21			60
			19			1			20			60
			20			1			19			60
			4			34			2			60
			5			33			2			60
			6			32			2			60
			7			31			2			60
			8			30			2			60
			9			29			2			60
			10			28			2			60
			11			27			2			60
			12			26			2			60
			13			25			2			60
			14			24			2			60
			14			2			24			60
			15			23			2			60
			15			2			23			60
			16			22			2			60
			16			2			22			60
			17			21			2			60
			17			2			21			60
			18			20			2			60
			18			2			20			60
			20			2			18			60
			19			2			19			60
			5			32			3			60
			6			31			3			60
			7			30			3			60
			8			29			3			60
			9			28			3			60
			10			27			3			60
			11			26			3			60
			12			25			3			60
			13			24			3			60
			14			23			3			60
			14			3			23			60
			15			22			3			60
			15			3			22			60
			16			21			3			60
			16			3			21			60
			17			20			3			60
			17			3			20			60
			20			3			17			60
			18			19			3			60
			18			3			19			60
			19			3			18			60
			5			31			4			60
			6			30			4			60
			7			29			4			60
			8			28			4			60
			9			27			4			60
			10			26			4			60
			11			25			4			60
			12			24			4			60
			13			23			4			60
			13			4			23			60
			14			22			4			60
			14			4			22			60
			15			21			4			60
			15			4			21			60
			16			20			4			60
			16			4			20			60
			20			4			16			60
			17			19			4			60
			17			4			19			60
			19			4			17			60
			18			18			4			60
			18			4			18			60
			6			29			5			60
			7			28			5			60
			8			27			5			60
			9			26			5			60
			10			25			5			60
			11			24			5			60
			12			23			5			60
			13			22			5			60
			13			5			22			60
			14			21			5			60
			14			5			21			60
			15			20			5			60
			15			5			20			60
			20			5			15			60
			16			19			5			60
			16			5			19			60
			19			16			5			60
			19			5			16			60
			17			18			5			60
			17			5			18			60
			18			17			5			60
			18			5			17			60
			6			28			6			60
			7			27			6			60
			8			26			6			60
			9			25			6			60
			10			24			6			60
			11			23			6			60
			12			22			6			60
			13			21			6			60
			13			6			21			60
			14			20			6			60
			14			6			20			60
			15			19			6			60
			15			6			19			60
			19			15			6			60
			19			6			15			60
			16			18			6			60
			16			6			18			60
			18			16			6			60
			18			6			16			60
			17			17			6			60
			17			6			17			60
			7			26			7			60
			7			25			8			60
			8			25			7			60
			7			24			9			60
			9			24			7			60
			10			23			7			60
			11			22			7			60
			12			21			7			60
			13			20			7			60
			13			7			20			60
			14			19			7			60
			14			7			19			60
			19			14			7			60
			19			7			14			60
			15			18			7			60
			15			7			18			60
			18			15			7			60
			18			7			15			60
			16			17			7			60
			16			7			17			60
			17			16			7			60
			17			7			16			60
			8			24			8			60
			8			23			9			60
			9			23			8			60
			8			22			10			60
			10			22			8			60
			8			21			11			60
			11			21			8			60
			12			20			8			60
			12			8			20			60
			13			19			8			60
			13			8			19			60
			19			13			8			60
			19			8			13			60
			14			18			8			60
			14			8			18			60
			18			14			8			60
			18			8			14			60
			15			17			8			60
			15			8			17			60
			17			15			8			60
			17			8			15			60
			16			16			8			60
			16			8			16			60
			9			22			9			60
			9			21			10			60
			10			21			9			60
			9			20			11			60
			11			20			9			60
			9			19			12			60
			12			19			9			60
			12			9			19			60
			19			12			9			60
			19			9			12			60
			9			18			13			60
			13			18			9			60
			13			9			18			60
			18			13			9			60
			18			9			13			60
			14			17			9			60
			14			9			17			60
			17			14			9			60
			17			9			14			60
			15			16			9			60
			15			9			16			60
			16			15			9			60
			16			9			15			60
			10			20			10			60
			10			19			11			60
			11			19			10			60
			19			11			10			60
			19			10			11			60
			10			18			12			60
			12			18			10			60
			12			10			18			60
			18			12			10			60
			18			10			12			60
			10			17			13			60
			13			17			10			60
			13			10			17			60
			17			13			10			60
			17			10			13			60
			10			16			14			60
			10			14			16			60
			14			16			10			60
			14			10			16			60
			16			14			10			60
			16			10			14			60
			10			15			15			60
			15			15			10			60
			15			10			15			60
			11			18			11			60
			11			11			18			60
			18			11			11			60
			11			17			12			60
			11			12			17			60
			12			17			11			60
			12			11			17			60
			17			12			11			60
			17			11			12			60
			11			16			13			60
			11			13			16			60
			13			16			11			60
			13			11			16			60
			16			13			11			60
			16			11			13			60
			11			15			14			60
			11			14			15			60
			14			15			11			60
			14			11			15			60
			15			14			11			60
			15			11			14			60
			12			16			12			60
			12			12			16			60
			16			12			12			60
			12			15			13			60
			12			13			15			60
			13			15			12			60
			13			12			15			60
			15			13			12			60
			15			12			13			60
			12			14			14			60
			14			14			12			60
			14			12			14			60
			13			14			13			60
			13			13			14			60
			14			13			13			60
			4			35			0			61
			5			34			0			61
			6			33			0			61
			7			32			0			61
			8			31			0			61
			9			30			0			61
			10			29			0			61
			11			28			0			61
			12			27			0			61
			13			26			0			61
			14			25			0			61
			15			24			0			61
			15			0			24			61
			16			23			0			61
			16			0			23			61
			17			22			0			61
			17			0			22			61
			18			21			0			61
			18			0			21			61
			19			0			20			61
			20			0			19			61
			4			34			1			61
			5			33			1			61
			6			32			1			61
			7			31			1			61
			8			30			1			61
			9			29			1			61
			10			28			1			61
			11			27			1			61
			12			26			1			61
			13			25			1			61
			14			24			1			61
			14			1			24			61
			15			23			1			61
			15			1			23			61
			16			22			1			61
			16			1			22			61
			17			21			1			61
			17			1			21			61
			18			20			1			61
			18			1			20			61
			20			1			18			61
			19			1			19			61
			5			32			2			61
			6			31			2			61
			7			30			2			61
			8			29			2			61
			9			28			2			61
			10			27			2			61
			11			26			2			61
			12			25			2			61
			13			24			2			61
			14			23			2			61
			14			2			23			61
			15			22			2			61
			15			2			22			61
			16			21			2			61
			16			2			21			61
			17			20			2			61
			17			2			20			61
			20			2			17			61
			18			19			2			61
			18			2			19			61
			19			2			18			61
			5			31			3			61
			6			30			3			61
			7			29			3			61
			8			28			3			61
			9			27			3			61
			10			26			3			61
			11			25			3			61
			12			24			3			61
			13			23			3			61
			14			22			3			61
			14			3			22			61
			15			21			3			61
			15			3			21			61
			16			20			3			61
			16			3			20			61
			20			3			16			61
			17			19			3			61
			17			3			19			61
			19			3			17			61
			18			18			3			61
			18			3			18			61
			6			29			4			61
			7			28			4			61
			8			27			4			61
			9			26			4			61
			10			25			4			61
			11			24			4			61
			12			23			4			61
			13			22			4			61
			13			4			22			61
			14			21			4			61
			14			4			21			61
			15			20			4			61
			15			4			20			61
			20			4			15			61
			16			19			4			61
			16			4			19			61
			19			16			4			61
			19			4			16			61
			17			18			4			61
			17			4			18			61
			18			17			4			61
			18			4			17			61
			6			28			5			61
			7			27			5			61
			8			26			5			61
			9			25			5			61
			10			24			5			61
			11			23			5			61
			12			22			5			61
			13			21			5			61
			13			5			21			61
			14			20			5			61
			14			5			20			61
			20			5			14			61
			15			19			5			61
			15			5			19			61
			19			15			5			61
			19			5			15			61
			16			18			5			61
			16			5			18			61
			18			16			5			61
			18			5			16			61
			17			17			5			61
			17			5			17			61
			7			26			6			61
			8			25			6			61
			9			24			6			61
			10			23			6			61
			11			22			6			61
			12			21			6			61
			13			20			6			61
			13			6			20			61
			14			19			6			61
			14			6			19			61
			19			14			6			61
			19			6			14			61
			15			18			6			61
			15			6			18			61
			18			15			6			61
			18			6			15			61
			16			17			6			61
			16			6			17			61
			17			16			6			61
			17			6			16			61
			7			25			7			61
			7			24			8			61
			8			24			7			61
			9			23			7			61
			10			22			7			61
			11			21			7			61
			12			20			7			61
			13			19			7			61
			13			7			19			61
			19			13			7			61
			19			7			13			61
			14			18			7			61
			14			7			18			61
			18			14			7			61
			18			7			14			61
			15			17			7			61
			15			7			17			61
			17			15			7			61
			17			7			15			61
			16			16			7			61
			16			7			16			61
			8			23			8			61
			8			22			9			61
			9			22			8			61
			8			21			10			61
			10			21			8			61
			11			20			8			61
			12			19			8			61
			12			8			19			61
			19			12			8			61
			19			8			12			61
			13			18			8			61
			13			8			18			61
			18			13			8			61
			18			8			13			61
			14			17			8			61
			14			8			17			61
			17			14			8			61
			17			8			14			61
			15			16			8			61
			15			8			16			61
			16			15			8			61
			16			8			15			61
			9			21			9			61
			9			20			10			61
			10			20			9			61
			9			19			11			61
			11			19			9			61
			19			11			9			61
			19			9			11			61
			9			18			12			61
			12			18			9			61
			12			9			18			61
			18			12			9			61
			18			9			12			61
			13			17			9			61
			13			9			17			61
			17			13			9			61
			17			9			13			61
			14			16			9			61
			14			9			16			61
			16			14			9			61
			16			9			14			61
			15			15			9			61
			15			9			15			61
			10			19			10			61
			19			10			10			61
			10			18			11			61
			11			18			10			61
			18			11			10			61
			18			10			11			61
			10			17			12			61
			12			17			10			61
			12			10			17			61
			17			12			10			61
			17			10			12			61
			10			16			13			61
			13			16			10			61
			13			10			16			61
			16			13			10			61
			16			10			13			61
			10			15			14			61
			10			14			15			61
			14			15			10			61
			14			10			15			61
			15			14			10			61
			15			10			14			61
			11			17			11			61
			11			11			17			61
			17			11			11			61
			11			16			12			61
			11			12			16			61
			12			16			11			61
			12			11			16			61
			16			12			11			61
			16			11			12			61
			11			15			13			61
			11			13			15			61
			13			15			11			61
			13			11			15			61
			15			13			11			61
			15			11			13			61
			11			14			14			61
			14			14			11			61
			14			11			14			61
			12			15			12			61
			12			12			15			61
			15			12			12			61
			12			14			13			61
			12			13			14			61
			13			14			12			61
			13			12			14			61
			14			13			12			61
			14			12			13			61
			13			13			13			61
			4			34			0			62
			5			33			0			62
			6			32			0			62
			7			31			0			62
			8			30			0			62
			9			29			0			62
			10			28			0			62
			11			27			0			62
			12			26			0			62
			13			25			0			62
			14			24			0			62
			15			23			0			62
			15			0			23			62
			16			22			0			62
			16			0			22			62
			17			21			0			62
			17			0			21			62
			18			20			0			62
			18			0			20			62
			20			0			18			62
			19			0			19			62
			5			32			1			62
			6			31			1			62
			7			30			1			62
			8			29			1			62
			9			28			1			62
			10			27			1			62
			11			26			1			62
			12			25			1			62
			13			24			1			62
			14			23			1			62
			14			1			23			62
			15			22			1			62
			15			1			22			62
			16			21			1			62
			16			1			21			62
			17			20			1			62
			17			1			20			62
			20			1			17			62
			18			19			1			62
			18			1			19			62
			19			1			18			62
			5			31			2			62
			6			30			2			62
			7			29			2			62
			8			28			2			62
			9			27			2			62
			10			26			2			62
			11			25			2			62
			12			24			2			62
			13			23			2			62
			14			22			2			62
			14			2			22			62
			15			21			2			62
			15			2			21			62
			16			20			2			62
			16			2			20			62
			20			2			16			62
			17			19			2			62
			17			2			19			62
			19			2			17			62
			18			18			2			62
			18			2			18			62
			6			29			3			62
			7			28			3			62
			8			27			3			62
			9			26			3			62
			10			25			3			62
			11			24			3			62
			12			23			3			62
			13			22			3			62
			14			21			3			62
			14			3			21			62
			15			20			3			62
			15			3			20			62
			20			3			15			62
			16			19			3			62
			16			3			19			62
			19			16			3			62
			19			3			16			62
			17			18			3			62
			17			3			18			62
			18			17			3			62
			18			3			17			62
			6			28			4			62
			7			27			4			62
			8			26			4			62
			9			25			4			62
			10			24			4			62
			11			23			4			62
			12			22			4			62
			13			21			4			62
			13			4			21			62
			14			20			4			62
			14			4			20			62
			20			4			14			62
			15			19			4			62
			15			4			19			62
			19			15			4			62
			19			4			15			62
			16			18			4			62
			16			4			18			62
			18			16			4			62
			18			4			16			62
			17			17			4			62
			17			4			17			62
			7			26			5			62
			8			25			5			62
			9			24			5			62
			10			23			5			62
			11			22			5			62
			12			21			5			62
			13			20			5			62
			13			5			20			62
			20			5			13			62
			14			19			5			62
			14			5			19			62
			19			14			5			62
			19			5			14			62
			15			18			5			62
			15			5			18			62
			18			15			5			62
			18			5			15			62
			16			17			5			62
			16			5			17			62
			17			16			5			62
			17			5			16			62
			7			25			6			62
			8			24			6			62
			9			23			6			62
			10			22			6			62
			11			21			6			62
			12			20			6			62
			13			19			6			62
			13			6			19			62
			19			13			6			62
			19			6			13			62
			14			18			6			62
			14			6			18			62
			18			14			6			62
			18			6			14			62
			15			17			6			62
			15			6			17			62
			17			15			6			62
			17			6			15			62
			16			16			6			62
			16			6			16			62
			7			24			7			62
			8			23			7			62
			9			22			7			62
			10			21			7			62
			11			20			7			62
			12			19			7			62
			19			12			7			62
			19			7			12			62
			13			18			7			62
			13			7			18			62
			18			13			7			62
			18			7			13			62
			14			17			7			62
			14			7			17			62
			17			14			7			62
			17			7			14			62
			15			16			7			62
			15			7			16			62
			16			15			7			62
			16			7			15			62
			8			22			8			62
			8			21			9			62
			9			21			8			62
			10			20			8			62
			11			19			8			62
			19			11			8			62
			19			8			11			62
			12			18			8			62
			12			8			18			62
			18			12			8			62
			18			8			12			62
			13			17			8			62
			13			8			17			62
			17			13			8			62
			17			8			13			62
			14			16			8			62
			14			8			16			62
			16			14			8			62
			16			8			14			62
			15			15			8			62
			15			8			15			62
			9			20			9			62
			9			19			10			62
			10			19			9			62
			19			10			9			62
			19			9			10			62
			9			18			11			62
			11			18			9			62
			18			11			9			62
			18			9			11			62
			12			17			9			62
			12			9			17			62
			17			12			9			62
			17			9			12			62
			13			16			9			62
			13			9			16			62
			16			13			9			62
			16			9			13			62
			14			15			9			62
			14			9			15			62
			15			14			9			62
			15			9			14			62
			10			18			10			62
			18			10			10			62
			10			17			11			62
			11			17			10			62
			17			11			10			62
			17			10			11			62
			10			16			12			62
			12			16			10			62
			12			10			16			62
			16			12			10			62
			16			10			12			62
			10			15			13			62
			13			15			10			62
			13			10			15			62
			15			13			10			62
			15			10			13			62
			10			14			14			62
			14			14			10			62
			14			10			14			62
			11			16			11			62
			11			11			16			62
			16			11			11			62
			11			15			12			62
			11			12			15			62
			12			15			11			62
			12			11			15			62
			15			12			11			62
			15			11			12			62
			11			14			13			62
			11			13			14			62
			13			14			11			62
			13			11			14			62
			14			13			11			62
			14			11			13			62
			12			14			12			62
			12			12			14			62
			14			12			12			62
			12			13			13			62
			13			13			12			62
			13			12			13			62
			5			32			0			63
			6			31			0			63
			7			30			0			63
			8			29			0			63
			9			28			0			63
			10			27			0			63
			11			26			0			63
			12			25			0			63
			13			24			0			63
			14			23			0			63
			15			22			0			63
			15			0			22			63
			16			21			0			63
			16			0			21			63
			17			20			0			63
			17			0			20			63
			20			0			17			63
			18			19			0			63
			18			0			19			63
			19			0			18			63
			5			31			1			63
			6			30			1			63
			7			29			1			63
			8			28			1			63
			9			27			1			63
			10			26			1			63
			11			25			1			63
			12			24			1			63
			13			23			1			63
			14			22			1			63
			14			1			22			63
			15			21			1			63
			15			1			21			63
			16			20			1			63
			16			1			20			63
			20			1			16			63
			17			19			1			63
			17			1			19			63
			19			1			17			63
			18			18			1			63
			18			1			18			63
			6			29			2			63
			7			28			2			63
			8			27			2			63
			9			26			2			63
			10			25			2			63
			11			24			2			63
			12			23			2			63
			13			22			2			63
			14			21			2			63
			14			2			21			63
			15			20			2			63
			15			2			20			63
			20			2			15			63
			16			19			2			63
			16			2			19			63
			19			16			2			63
			19			2			16			63
			17			18			2			63
			17			2			18			63
			18			17			2			63
			18			2			17			63
			6			28			3			63
			7			27			3			63
			8			26			3			63
			9			25			3			63
			10			24			3			63
			11			23			3			63
			12			22			3			63
			13			21			3			63
			14			20			3			63
			14			3			20			63
			20			3			14			63
			15			19			3			63
			15			3			19			63
			19			15			3			63
			19			3			15			63
			16			18			3			63
			16			3			18			63
			18			16			3			63
			18			3			16			63
			17			17			3			63
			17			3			17			63
			7			26			4			63
			8			25			4			63
			9			24			4			63
			10			23			4			63
			11			22			4			63
			12			21			4			63
			13			20			4			63
			13			4			20			63
			20			4			13			63
			14			19			4			63
			14			4			19			63
			19			14			4			63
			19			4			14			63
			15			18			4			63
			15			4			18			63
			18			15			4			63
			18			4			15			63
			16			17			4			63
			16			4			17			63
			17			16			4			63
			17			4			16			63
			7			25			5			63
			8			24			5			63
			9			23			5			63
			10			22			5			63
			11			21			5			63
			12			20			5			63
			20			5			12			63
			13			19			5			63
			13			5			19			63
			19			13			5			63
			19			5			13			63
			14			18			5			63
			14			5			18			63
			18			14			5			63
			18			5			14			63
			15			17			5			63
			15			5			17			63
			17			15			5			63
			17			5			15			63
			16			16			5			63
			16			5			16			63
			7			24			6			63
			8			23			6			63
			9			22			6			63
			10			21			6			63
			11			20			6			63
			12			19			6			63
			19			12			6			63
			19			6			12			63
			13			18			6			63
			13			6			18			63
			18			13			6			63
			18			6			13			63
			14			17			6			63
			14			6			17			63
			17			14			6			63
			17			6			14			63
			15			16			6			63
			15			6			16			63
			16			15			6			63
			16			6			15			63
			8			22			7			63
			9			21			7			63
			10			20			7			63
			11			19			7			63
			19			11			7			63
			19			7			11			63
			12			18			7			63
			18			12			7			63
			18			7			12			63
			13			17			7			63
			13			7			17			63
			17			13			7			63
			17			7			13			63
			14			16			7			63
			14			7			16			63
			16			14			7			63
			16			7			14			63
			15			15			7			63
			15			7			15			63
			8			21			8			63
			9			20			8			63
			10			19			8			63
			19			10			8			63
			19			8			10			63
			11			18			8			63
			18			11			8			63
			18			8			11			63
			12			17			8			63
			12			8			17			63
			17			12			8			63
			17			8			12			63
			13			16			8			63
			13			8			16			63
			16			13			8			63
			16			8			13			63
			14			15			8			63
			14			8			15			63
			15			14			8			63
			15			8			14			63
			9			19			9			63
			19			9			9			63
			9			18			10			63
			10			18			9			63
			18			10			9			63
			18			9			10			63
			11			17			9			63
			17			11			9			63
			17			9			11			63
			12			16			9			63
			12			9			16			63
			16			12			9			63
			16			9			12			63
			13			15			9			63
			13			9			15			63
			15			13			9			63
			15			9			13			63
			14			14			9			63
			14			9			14			63
			10			17			10			63
			17			10			10			63
			10			16			11			63
			11			16			10			63
			16			11			10			63
			16			10			11			63
			10			15			12			63
			12			15			10			63
			12			10			15			63
			15			12			10			63
			15			10			12			63
			10			14			13			63
			13			14			10			63
			13			10			14			63
			14			13			10			63
			14			10			13			63
			11			15			11			63
			11			11			15			63
			15			11			11			63
			11			14			12			63
			11			12			14			63
			12			14			11			63
			12			11			14			63
			14			12			11			63
			14			11			12			63
			11			13			13			63
			13			13			11			63
			13			11			13			63
			12			13			12			63
			12			12			13			63
			13			12			12			63
			5			31			0			64
			6			30			0			64
			7			29			0			64
			8			28			0			64
			9			27			0			64
			10			26			0			64
			11			25			0			64
			12			24			0			64
			13			23			0			64
			14			22			0			64
			15			21			0			64
			15			0			21			64
			16			20			0			64
			16			0			20			64
			20			0			16			64
			17			19			0			64
			17			0			19			64
			19			0			17			64
			18			18			0			64
			18			0			18			64
			6			29			1			64
			7			28			1			64
			8			27			1			64
			9			26			1			64
			10			25			1			64
			11			24			1			64
			12			23			1			64
			13			22			1			64
			14			21			1			64
			14			1			21			64
			15			20			1			64
			15			1			20			64
			20			1			15			64
			16			19			1			64
			16			1			19			64
			19			16			1			64
			19			1			16			64
			17			18			1			64
			17			1			18			64
			18			17			1			64
			18			1			17			64
			6			28			2			64
			7			27			2			64
			8			26			2			64
			9			25			2			64
			10			24			2			64
			11			23			2			64
			12			22			2			64
			13			21			2			64
			14			20			2			64
			14			2			20			64
			20			2			14			64
			15			19			2			64
			15			2			19			64
			19			15			2			64
			19			2			15			64
			16			18			2			64
			16			2			18			64
			18			16			2			64
			18			2			16			64
			17			17			2			64
			17			2			17			64
			7			26			3			64
			8			25			3			64
			9			24			3			64
			10			23			3			64
			11			22			3			64
			12			21			3			64
			13			20			3			64
			20			3			13			64
			14			19			3			64
			14			3			19			64
			19			14			3			64
			19			3			14			64
			15			18			3			64
			15			3			18			64
			18			15			3			64
			18			3			15			64
			16			17			3			64
			16			3			17			64
			17			16			3			64
			17			3			16			64
			7			25			4			64
			8			24			4			64
			9			23			4			64
			10			22			4			64
			11			21			4			64
			12			20			4			64
			20			4			12			64
			13			19			4			64
			13			4			19			64
			19			13			4			64
			19			4			13			64
			14			18			4			64
			14			4			18			64
			18			14			4			64
			18			4			14			64
			15			17			4			64
			15			4			17			64
			17			15			4			64
			17			4			15			64
			16			16			4			64
			16			4			16			64
			7			24			5			64
			8			23			5			64
			9			22			5			64
			10			21			5			64
			11			20			5			64
			20			5			11			64
			12			19			5			64
			19			12			5			64
			19			5			12			64
			13			18			5			64
			13			5			18			64
			18			13			5			64
			18			5			13			64
			14			17			5			64
			14			5			17			64
			17			14			5			64
			17			5			14			64
			15			16			5			64
			15			5			16			64
			16			15			5			64
			16			5			15			64
			8			22			6			64
			9			21			6			64
			10			20			6			64
			11			19			6			64
			19			11			6			64
			19			6			11			64
			12			18			6			64
			18			12			6			64
			18			6			12			64
			13			17			6			64
			13			6			17			64
			17			13			6			64
			17			6			13			64
			14			16			6			64
			14			6			16			64
			16			14			6			64
			16			6			14			64
			15			15			6			64
			15			6			15			64
			8			21			7			64
			9			20			7			64
			10			19			7			64
			19			10			7			64
			19			7			10			64
			11			18			7			64
			18			11			7			64
			18			7			11			64
			12			17			7			64
			17			12			7			64
			17			7			12			64
			13			16			7			64
			13			7			16			64
			16			13			7			64
			16			7			13			64
			14			15			7			64
			14			7			15			64
			15			14			7			64
			15			7			14			64
			9			19			8			64
			19			9			8			64
			19			8			9			64
			10			18			8			64
			18			10			8			64
			18			8			10			64
			11			17			8			64
			17			11			8			64
			17			8			11			64
			12			16			8			64
			12			8			16			64
			16			12			8			64
			16			8			12			64
			13			15			8			64
			13			8			15			64
			15			13			8			64
			15			8			13			64
			14			14			8			64
			14			8			14			64
			9			18			9			64
			18			9			9			64
			10			17			9			64
			17			10			9			64
			17			9			10			64
			11			16			9			64
			16			11			9			64
			16			9			11			64
			12			15			9			64
			12			9			15			64
			15			12			9			64
			15			9			12			64
			13			14			9			64
			13			9			14			64
			14			13			9			64
			14			9			13			64
			10			16			10			64
			16			10			10			64
			10			15			11			64
			11			15			10			64
			15			11			10			64
			15			10			11			64
			10			14			12			64
			12			14			10			64
			12			10			14			64
			14			12			10			64
			14			10			12			64
			13			13			10			64
			13			10			13			64
			11			14			11			64
			11			11			14			64
			14			11			11			64
			11			13			12			64
			11			12			13			64
			12			13			11			64
			12			11			13			64
			13			12			11			64
			13			11			12			64
			12			12			12			64
			6			29			0			65
			7			28			0			65
			8			27			0			65
			9			26			0			65
			10			25			0			65
			11			24			0			65
			12			23			0			65
			13			22			0			65
			14			21			0			65
			15			20			0			65
			15			0			20			65
			20			0			15			65
			16			19			0			65
			16			0			19			65
			19			16			0			65
			19			0			16			65
			17			18			0			65
			17			0			18			65
			18			17			0			65
			18			0			17			65
			6			28			1			65
			7			27			1			65
			8			26			1			65
			9			25			1			65
			10			24			1			65
			11			23			1			65
			12			22			1			65
			13			21			1			65
			14			20			1			65
			14			1			20			65
			20			1			14			65
			15			19			1			65
			15			1			19			65
			19			15			1			65
			19			1			15			65
			16			18			1			65
			16			1			18			65
			18			16			1			65
			18			1			16			65
			17			17			1			65
			17			1			17			65
			7			26			2			65
			8			25			2			65
			9			24			2			65
			10			23			2			65
			11			22			2			65
			12			21			2			65
			13			20			2			65
			20			2			13			65
			14			19			2			65
			14			2			19			65
			19			14			2			65
			19			2			14			65
			15			18			2			65
			15			2			18			65
			18			15			2			65
			18			2			15			65
			16			17			2			65
			16			2			17			65
			17			16			2			65
			17			2			16			65
			7			25			3			65
			8			24			3			65
			9			23			3			65
			10			22			3			65
			11			21			3			65
			12			20			3			65
			20			3			12			65
			13			19			3			65
			19			13			3			65
			19			3			13			65
			14			18			3			65
			14			3			18			65
			18			14			3			65
			18			3			14			65
			15			17			3			65
			15			3			17			65
			17			15			3			65
			17			3			15			65
			16			16			3			65
			16			3			16			65
			7			24			4			65
			8			23			4			65
			9			22			4			65
			10			21			4			65
			11			20			4			65
			20			4			11			65
			12			19			4			65
			19			12			4			65
			19			4			12			65
			13			18			4			65
			13			4			18			65
			18			13			4			65
			18			4			13			65
			14			17			4			65
			14			4			17			65
			17			14			4			65
			17			4			14			65
			15			16			4			65
			15			4			16			65
			16			15			4			65
			16			4			15			65
			8			22			5			65
			9			21			5			65
			10			20			5			65
			20			5			10			65
			11			19			5			65
			19			11			5			65
			19			5			11			65
			12			18			5			65
			18			12			5			65
			18			5			12			65
			13			17			5			65
			13			5			17			65
			17			13			5			65
			17			5			13			65
			14			16			5			65
			14			5			16			65
			16			14			5			65
			16			5			14			65
			15			15			5			65
			15			5			15			65
			8			21			6			65
			9			20			6			65
			10			19			6			65
			19			10			6			65
			19			6			10			65
			11			18			6			65
			18			11			6			65
			18			6			11			65
			12			17			6			65
			17			12			6			65
			17			6			12			65
			13			16			6			65
			13			6			16			65
			16			13			6			65
			16			6			13			65
			14			15			6			65
			14			6			15			65
			15			14			6			65
			15			6			14			65
			9			19			7			65
			19			9			7			65
			19			7			9			65
			10			18			7			65
			18			10			7			65
			18			7			10			65
			11			17			7			65
			17			11			7			65
			17			7			11			65
			12			16			7			65
			16			12			7			65
			16			7			12			65
			13			15			7			65
			13			7			15			65
			15			13			7			65
			15			7			13			65
			14			14			7			65
			14			7			14			65
			19			8			8			65
			9			18			8			65
			18			9			8			65
			18			8			9			65
			10			17			8			65
			17			10			8			65
			17			8			10			65
			11			16			8			65
			16			11			8			65
			16			8			11			65
			12			15			8			65
			12			8			15			65
			15			12			8			65
			15			8			12			65
			13			14			8			65
			13			8			14			65
			14			13			8			65
			14			8			13			65
			17			9			9			65
			10			16			9			65
			16			10			9			65
			16			9			10			65
			11			15			9			65
			15			11			9			65
			15			9			11			65
			12			14			9			65
			12			9			14			65
			14			12			9			65
			14			9			12			65
			13			13			9			65
			13			9			13			65
			10			15			10			65
			15			10			10			65
			10			14			11			65
			11			14			10			65
			14			11			10			65
			14			10			11			65
			12			13			10			65
			12			10			13			65
			13			12			10			65
			13			10			12			65
			11			13			11			65
			11			11			13			65
			13			11			11			65
			11			12			12			65
			12			12			11			65
			12			11			12			65
			6			28			0			66
			7			27			0			66
			8			26			0			66
			9			25			0			66
			10			24			0			66
			11			23			0			66
			12			22			0			66
			13			21			0			66
			14			20			0			66
			20			0			14			66
			15			19			0			66
			15			0			19			66
			19			15			0			66
			19			0			15			66
			16			18			0			66
			16			0			18			66
			18			16			0			66
			18			0			16			66
			17			17			0			66
			17			0			17			66
			7			26			1			66
			8			25			1			66
			9			24			1			66
			10			23			1			66
			11			22			1			66
			12			21			1			66
			13			20			1			66
			20			1			13			66
			14			19			1			66
			14			1			19			66
			19			14			1			66
			19			1			14			66
			15			18			1			66
			15			1			18			66
			18			15			1			66
			18			1			15			66
			16			17			1			66
			16			1			17			66
			17			16			1			66
			17			1			16			66
			7			25			2			66
			8			24			2			66
			9			23			2			66
			10			22			2			66
			11			21			2			66
			12			20			2			66
			20			2			12			66
			13			19			2			66
			19			13			2			66
			19			2			13			66
			14			18			2			66
			14			2			18			66
			18			14			2			66
			18			2			14			66
			15			17			2			66
			15			2			17			66
			17			15			2			66
			17			2			15			66
			16			16			2			66
			16			2			16			66
			7			24			3			66
			8			23			3			66
			9			22			3			66
			10			21			3			66
			11			20			3			66
			20			3			11			66
			12			19			3			66
			19			12			3			66
			19			3			12			66
			13			18			3			66
			18			13			3			66
			18			3			13			66
			14			17			3			66
			14			3			17			66
			17			14			3			66
			17			3			14			66
			15			16			3			66
			15			3			16			66
			16			15			3			66
			16			3			15			66
			8			22			4			66
			9			21			4			66
			10			20			4			66
			20			4			10			66
			11			19			4			66
			19			11			4			66
			19			4			11			66
			12			18			4			66
			18			12			4			66
			18			4			12			66
			13			17			4			66
			13			4			17			66
			17			13			4			66
			17			4			13			66
			14			16			4			66
			14			4			16			66
			16			14			4			66
			16			4			14			66
			15			15			4			66
			15			4			15			66
			8			21			5			66
			9			20			5			66
			20			5			9			66
			10			19			5			66
			19			10			5			66
			19			5			10			66
			11			18			5			66
			18			11			5			66
			18			5			11			66
			12			17			5			66
			17			12			5			66
			17			5			12			66
			13			16			5			66
			13			5			16			66
			16			13			5			66
			16			5			13			66
			14			15			5			66
			14			5			15			66
			15			14			5			66
			15			5			14			66
			9			19			6			66
			19			9			6			66
			19			6			9			66
			10			18			6			66
			18			10			6			66
			18			6			10			66
			11			17			6			66
			17			11			6			66
			17			6			11			66
			12			16			6			66
			16			12			6			66
			16			6			12			66
			13			15			6			66
			13			6			15			66
			15			13			6			66
			15			6			13			66
			14			14			6			66
			14			6			14			66
			19			8			7			66
			19			7			8			66
			9			18			7			66
			18			9			7			66
			18			7			9			66
			10			17			7			66
			17			10			7			66
			17			7			10			66
			11			16			7			66
			16			11			7			66
			16			7			11			66
			12			15			7			66
			15			12			7			66
			15			7			12			66
			13			14			7			66
			13			7			14			66
			14			13			7			66
			14			7			13			66
			18			8			8			66
			17			9			8			66
			17			8			9			66
			10			16			8			66
			16			10			8			66
			16			8			10			66
			11			15			8			66
			15			11			8			66
			15			8			11			66
			12			14			8			66
			12			8			14			66
			14			12			8			66
			14			8			12			66
			13			13			8			66
			13			8			13			66
			16			9			9			66
			10			15			9			66
			15			10			9			66
			15			9			10			66
			11			14			9			66
			14			11			9			66
			14			9			11			66
			12			13			9			66
			12			9			13			66
			13			12			9			66
			13			9			12			66
			10			14			10			66
			14			10			10			66
			11			13			10			66
			13			11			10			66
			13			10			11			66
			12			12			10			66
			12			10			12			66
			11			12			11			66
			11			11			12			66
			12			11			11			66
			7			26			0			67
			8			25			0			67
			9			24			0			67
			10			23			0			67
			11			22			0			67
			12			21			0			67
			13			20			0			67
			20			0			13			67
			14			19			0			67
			19			14			0			67
			19			0			14			67
			15			18			0			67
			15			0			18			67
			18			15			0			67
			18			0			15			67
			16			17			0			67
			16			0			17			67
			17			16			0			67
			17			0			16			67
			7			25			1			67
			8			24			1			67
			9			23			1			67
			10			22			1			67
			11			21			1			67
			12			20			1			67
			20			1			12			67
			13			19			1			67
			19			13			1			67
			19			1			13			67
			14			18			1			67
			14			1			18			67
			18			14			1			67
			18			1			14			67
			15			17			1			67
			15			1			17			67
			17			15			1			67
			17			1			15			67
			16			16			1			67
			16			1			16			67
			7			24			2			67
			8			23			2			67
			9			22			2			67
			10			21			2			67
			11			20			2			67
			20			2			11			67
			12			19			2			67
			19			12			2			67
			19			2			12			67
			13			18			2			67
			18			13			2			67
			18			2			13			67
			14			17			2			67
			14			2			17			67
			17			14			2			67
			17			2			14			67
			15			16			2			67
			15			2			16			67
			16			15			2			67
			16			2			15			67
			8			22			3			67
			9			21			3			67
			10			20			3			67
			20			3			10			67
			11			19			3			67
			19			11			3			67
			19			3			11			67
			12			18			3			67
			18			12			3			67
			18			3			12			67
			13			17			3			67
			17			13			3			67
			17			3			13			67
			14			16			3			67
			14			3			16			67
			16			14			3			67
			16			3			14			67
			15			15			3			67
			15			3			15			67
			8			21			4			67
			9			20			4			67
			20			4			9			67
			10			19			4			67
			19			10			4			67
			19			4			10			67
			11			18			4			67
			18			11			4			67
			18			4			11			67
			12			17			4			67
			17			12			4			67
			17			4			12			67
			13			16			4			67
			13			4			16			67
			16			13			4			67
			16			4			13			67
			14			15			4			67
			14			4			15			67
			15			14			4			67
			15			4			14			67
			20			5			8			67
			9			19			5			67
			19			9			5			67
			19			5			9			67
			10			18			5			67
			18			10			5			67
			18			5			10			67
			11			17			5			67
			17			11			5			67
			17			5			11			67
			12			16			5			67
			16			12			5			67
			16			5			12			67
			13			15			5			67
			13			5			15			67
			15			13			5			67
			15			5			13			67
			14			14			5			67
			14			5			14			67
			19			8			6			67
			19			6			8			67
			9			18			6			67
			18			9			6			67
			18			6			9			67
			10			17			6			67
			17			10			6			67
			17			6			10			67
			11			16			6			67
			16			11			6			67
			16			6			11			67
			12			15			6			67
			15			12			6			67
			15			6			12			67
			13			14			6			67
			13			6			14			67
			14			13			6			67
			14			6			13			67
			19			7			7			67
			18			8			7			67
			18			7			8			67
			17			9			7			67
			17			7			9			67
			10			16			7			67
			16			10			7			67
			16			7			10			67
			11			15			7			67
			15			11			7			67
			15			7			11			67
			12			14			7			67
			14			12			7			67
			14			7			12			67
			13			13			7			67
			13			7			13			67
			17			8			8			67
			16			9			8			67
			16			8			9			67
			10			15			8			67
			15			10			8			67
			15			8			10			67
			11			14			8			67
			14			11			8			67
			14			8			11			67
			12			13			8			67
			12			8			13			67
			13			12			8			67
			13			8			12			67
			15			9			9			67
			10			14			9			67
			14			10			9			67
			14			9			10			67
			11			13			9			67
			13			11			9			67
			13			9			11			67
			12			12			9			67
			12			9			12			67
			13			10			10			67
			11			12			10			67
			12			11			10			67
			12			10			11			67
			11			11			11			67
			7			25			0			68
			8			24			0			68
			9			23			0			68
			10			22			0			68
			11			21			0			68
			12			20			0			68
			20			0			12			68
			13			19			0			68
			19			13			0			68
			19			0			13			68
			14			18			0			68
			18			14			0			68
			18			0			14			68
			15			17			0			68
			15			0			17			68
			17			15			0			68
			17			0			15			68
			16			16			0			68
			16			0			16			68
			7			24			1			68
			8			23			1			68
			9			22			1			68
			10			21			1			68
			11			20			1			68
			20			1			11			68
			12			19			1			68
			19			12			1			68
			19			1			12			68
			13			18			1			68
			18			13			1			68
			18			1			13			68
			14			17			1			68
			14			1			17			68
			17			14			1			68
			17			1			14			68
			15			16			1			68
			15			1			16			68
			16			15			1			68
			16			1			15			68
			8			22			2			68
			9			21			2			68
			10			20			2			68
			20			2			10			68
			11			19			2			68
			19			11			2			68
			19			2			11			68
			12			18			2			68
			18			12			2			68
			18			2			12			68
			13			17			2			68
			17			13			2			68
			17			2			13			68
			14			16			2			68
			14			2			16			68
			16			14			2			68
			16			2			14			68
			15			15			2			68
			15			2			15			68
			8			21			3			68
			9			20			3			68
			20			3			9			68
			10			19			3			68
			19			10			3			68
			19			3			10			68
			11			18			3			68
			18			11			3			68
			18			3			11			68
			12			17			3			68
			17			12			3			68
			17			3			12			68
			13			16			3			68
			16			13			3			68
			16			3			13			68
			14			15			3			68
			14			3			15			68
			15			14			3			68
			15			3			14			68
			20			4			8			68
			9			19			4			68
			19			9			4			68
			19			4			9			68
			10			18			4			68
			18			10			4			68
			18			4			10			68
			11			17			4			68
			17			11			4			68
			17			4			11			68
			12			16			4			68
			16			12			4			68
			16			4			12			68
			13			15			4			68
			13			4			15			68
			15			13			4			68
			15			4			13			68
			14			14			4			68
			14			4			14			68
			20			5			7			68
			19			8			5			68
			19			5			8			68
			9			18			5			68
			18			9			5			68
			18			5			9			68
			10			17			5			68
			17			10			5			68
			17			5			10			68
			11			16			5			68
			16			11			5			68
			16			5			11			68
			12			15			5			68
			15			12			5			68
			15			5			12			68
			13			14			5			68
			13			5			14			68
			14			13			5			68
			14			5			13			68
			19			7			6			68
			19			6			7			68
			18			8			6			68
			18			6			8			68
			17			9			6			68
			17			6			9			68
			10			16			6			68
			16			10			6			68
			16			6			10			68
			11			15			6			68
			15			11			6			68
			15			6			11			68
			12			14			6			68
			14			12			6			68
			14			6			12			68
			13			13			6			68
			13			6			13			68
			18			7			7			68
			17			8			7			68
			17			7			8			68
			16			9			7			68
			16			7			9			68
			10			15			7			68
			15			10			7			68
			15			7			10			68
			11			14			7			68
			14			11			7			68
			14			7			11			68
			12			13			7			68
			13			12			7			68
			13			7			12			68
			16			8			8			68
			15			9			8			68
			15			8			9			68
			10			14			8			68
			14			10			8			68
			14			8			10			68
			11			13			8			68
			13			11			8			68
			13			8			11			68
			12			12			8			68
			12			8			12			68
			14			9			9			68
			13			10			9			68
			13			9			10			68
			11			12			9			68
			12			11			9			68
			12			9			11			68
			12			10			10			68
			11			11			10			68
