			Stock 1			Stock 2			Stock 3			Stock 4
			24			17			15			44
			22			4			30			44
			13			21			22			44
			14			13			29			44
			23			13			20			44
			30			12			14			44
			10			30			16			44
			23			2			31			44
			25			18			13			44
			10			37			9			44
			12			21			23			44
			9			38			9			44
			19			17			20			44
			24			19			13			44
			27			17			12			44
			19			22			15			44
			18			14			24			44
			12			14			30			44
			27			2			27			44
			17			17			22			44
			18			18			20			44
			12			12			32			44
			23			23			10			44
			15			15			26			44
			17			26			13			44
			28			2			26			44
			12			27			17			44
			20			4			32			44
			20			9			27			44
			15			29			12			44
			16			7			33			44
			12			31			13			44
			15			9			32			44
			16			12			28			44
			22			24			10			44
			14			12			30			44
			33			10			13			44
			28			4			24			44
			28			0			28			44
			19			26			11			44
			16			26			14			44
			20			7			29			44
			14			30			12			44
			23			18			15			44
			13			13			30			44
			16			21			19			44
			18			6			32			44
			26			9			21			44
			15			12			29			44
			27			6			23			44
			17			20			19			44
			28			17			11			44
			29			5			22			44
			9			34			13			44
			11			31			14			44
			16			9			31			44
			14			32			10			44
			29			16			11			44
			27			1			28			44
			17			15			24			44
			26			10			20			44
			25			13			18			44
			23			0			33			44
			24			9			23			44
			12			25			19			44
			11			20			25			44
			22			17			17			44
			35			4			17			44
			18			17			21			44
			26			11			19			44
			10			21			25			44
			9			15			32			44
			30			5			21			44
			23			14			19			44
			22			21			13			44
			29			2			25			44
			31			11			14			44
			18			16			22			44
			24			13			19			44
			20			19			17			44
			11			18			27			44
			17			19			20			44
			9			27			20			44
			9			18			29			44
			28			7			21			44
			15			30			11			44
			14			10			32			44
			17			23			16			44
			20			22			14			44
			24			12			20			44
			23			11			22			44
			17			12			27			44
			27			9			20			44
			32			4			20			44
			13			30			13			44
			16			18			22			44
			33			0			23			44
			15			17			24			44
			21			5			30			44
			18			19			19			44
			31			10			15			44
			24			21			11			44
			22			7			27			44
			10			32			14			44
			22			23			11			44
			27			5			24			44
			20			15			21			44
			9			17			30			44
			21			20			15			44
			11			34			11			44
			23			5			28			44
			24			22			10			44
			19			27			10			44
			9			37			10			44
			30			7			19			44
			14			20			22			44
			13			23			20			44
			16			17			23			44
			31			13			12			44
			20			5			31			44
			19			9			28			44
			18			25			13			44
			20			18			18			44
			18			13			25			44
			33			8			15			44
			14			23			19			44
			31			1			24			44
			18			11			27			44
			26			1			29			44
			15			10			31			44
			26			8			22			44
			21			9			26			44
			25			19			12			44
			32			8			16			44
			25			16			15			44
			29			4			23			44
			24			16			16			44
			26			15			15			44
			28			10			18			44
			10			25			21			44
			32			6			18			44
			10			20			26			44
			17			6			33			44
			28			16			12			44
			20			6			30			44
			25			7			24			44
			10			29			17			44
			34			5			17			44
			16			20			20			44
			16			30			10			44
			34			7			15			44
			14			19			23			44
			26			2			28			44
			19			5			32			44
			29			12			15			44
			21			7			28			44
			25			4			27			44
			22			3			31			44
			21			25			10			44
			12			28			16			44
			15			22			19			44
			11			14			31			44
			16			15			25			44
			28			1			27			44
			20			25			11			44
			23			19			14			44
			31			8			17			44
			12			24			20			44
			21			6			29			44
			16			27			13			44
			23			22			11			44
			12			34			10			44
			25			20			11			44
			35			7			14			44
			13			15			28			44
			23			17			16			44
			20			11			25			44
			15			8			33			44
			9			26			21			44
			29			6			21			44
			21			15			20			44
			21			2			33			44
			19			15			22			44
			31			14			11			44
			16			25			15			44
			25			10			21			44
			20			12			24			44
			24			20			12			44
			16			8			32			44
			33			11			12			44
			22			10			24			44
			18			9			29			44
			12			22			22			44
			28			8			20			44
			19			21			16			44
			30			15			11			44
			16			29			11			44
			24			15			17			44
			26			0			30			44
			24			3			29			44
			32			3			21			44
			31			2			23			44
			32			2			22			44
			9			31			16			44
			15			14			27			44
			19			12			25			44
			15			27			14			44
			29			10			17			44
			31			3			22			44
			9			29			18			44
			10			24			22			44
			32			0			24			44
			19			20			17			44
			22			22			12			44
			27			10			19			44
			10			35			11			44
			29			15			12			44
			12			26			18			44
			19			23			14			44
			26			17			13			44
			33			9			14			44
			30			8			18			44
			25			2			29			44
			29			13			14			44
			14			29			13			44
			31			12			13			44
			9			20			27			44
			22			8			26			44
			10			31			15			44
			25			12			19			44
			16			19			21			44
			17			18			21			44
			9			30			17			44
			24			14			18			44
			33			6			17			44
			20			20			16			44
			18			7			31			44
			11			27			18			44
			25			0			31			44
			23			4			29			44
			28			3			25			44
			34			8			14			44
			16			23			17			44
			19			25			12			44
			19			19			18			44
			32			1			23			44
			13			22			21			44
			12			32			12			44
			26			5			25			44
			20			26			10			44
			19			11			26			44
			18			15			23			44
			10			22			24			44
			18			27			11			44
			22			19			15			44
			21			11			24			44
			23			3			30			44
			32			13			11			44
			25			17			14			44
			27			15			14			44
			30			14			12			44
			14			21			21			44
			13			17			26			44
			17			21			18			44
			29			8			19			44
			12			18			26			44
			12			19			25			44
			34			3			19			44
			18			5			33			44
			17			11			28			44
			17			7			32			44
			24			6			26			44
			16			13			27			44
			21			16			19			44
			25			11			20			44
			13			26			17			44
			16			16			24			44
			26			12			18			44
			20			24			12			44
			24			4			28			44
			9			33			14			44
			13			18			25			44
			23			9			24			44
			13			11			32			44
			14			16			26			44
			29			1			26			44
			20			21			15			44
			22			12			22			44
			20			23			13			44
			19			4			33			44
			29			11			16			44
			15			25			16			44
			21			13			22			44
			21			3			32			44
			10			23			23			44
			30			10			16			44
			12			16			28			44
			15			13			28			44
			17			22			17			44
			21			24			11			44
			10			26			20			44
			34			11			11			44
			15			28			13			44
			32			5			19			44
			27			16			13			44
			17			10			29			44
			16			22			18			44
			10			28			18			44
			13			19			24			44
			10			18			28			44
			25			15			16			44
			11			13			32			44
			28			13			15			44
			30			0			26			44
			23			7			26			44
			9			19			28			44
			31			7			18			44
			17			9			30			44
			10			15			31			44
			34			6			16			44
			22			18			16			44
			21			17			18			44
			13			16			27			44
			12			30			14			44
			28			12			16			44
			33			7			16			44
			22			6			28			44
			9			21			26			44
			23			6			27			44
			26			14			16			44
			23			12			21			44
			28			9			19			44
			15			26			15			44
			25			6			25			44
			17			13			26			44
			9			36			11			44
			15			31			10			44
			14			22			20			44
			35			3			18			44
			23			8			25			44
			24			18			14			44
			18			8			30			44
			20			16			20			44
			13			34			9			44
			12			33			11			44
			32			12			12			44
			31			0			25			44
			13			12			31			44
			17			24			15			44
			19			18			19			44
			9			25			22			44
			19			8			29			44
			35			5			16			44
			12			35			9			44
			13			27			16			44
			26			4			26			44
			26			18			12			44
			23			1			32			44
			29			14			13			44
			25			9			22			44
			11			16			29			44
			28			11			17			44
			20			10			26			44
			16			14			26			44
			17			29			10			44
			20			3			33			44
			23			20			13			44
			31			5			20			44
			14			17			25			44
			12			15			29			44
			26			16			14			44
			15			21			20			44
			24			8			24			44
			34			0			22			44
			14			31			11			44
			33			3			20			44
			25			3			28			44
			27			4			25			44
			24			2			30			44
			11			36			9			44
			33			1			22			44
			24			11			21			44
			32			7			17			44
			11			30			15			44
			13			28			15			44
			34			1			21			44
			14			28			14			44
			30			4			22			44
			34			2			20			44
			19			6			31			44
			16			10			30			44
			14			18			24			44
			10			17			29			44
			35			8			13			44
			11			33			12			44
			25			8			23			44
			35			0			21			44
			15			16			25			44
			11			26			19			44
			25			1			30			44
			33			2			21			44
			13			14			29			44
			21			4			31			44
			22			16			18			44
			18			26			12			44
			11			28			17			44
			11			35			10			44
			19			13			24			44
			30			1			25			44
			11			23			22			44
			11			15			30			44
			22			9			25			44
			33			12			11			44
			23			10			23			44
			17			14			25			44
			28			6			22			44
			27			7			22			44
			27			11			18			44
			16			24			16			44
			35			1			20			44
			15			19			22			44
			9			22			25			44
			26			3			27			44
			21			10			25			44
			32			9			15			44
			14			27			15			44
			24			1			31			44
			13			24			19			44
			11			17			28			44
			22			2			32			44
			24			5			27			44
			21			23			12			44
			13			33			10			44
			34			9			13			44
			17			28			11			44
			20			8			28			44
			27			12			17			44
			12			13			31			44
			30			11			15			44
			27			3			26			44
			23			21			12			44
			10			16			30			44
			23			16			17			44
			9			32			15			44
			22			13			21			44
			15			20			21			44
			18			23			15			44
			11			25			20			44
			18			10			28			44
			19			10			27			44
			22			20			14			44
			10			34			12			44
			12			20			24			44
			29			7			20			44
			31			9			16			44
			18			22			16			44
			21			8			27			44
			18			24			14			44
			12			17			27			44
			30			9			17			44
			35			6			15			44
			27			0			29			44
			17			16			23			44
			29			3			24			44
			31			6			19			44
			9			16			31			44
			24			10			22			44
			9			35			12			44
			15			18			23			44
			20			13			23			44
			10			36			10			44
			15			11			30			44
			17			8			31			44
			29			0			27			44
			14			11			31			44
			21			14			21			44
			27			14			15			44
			22			15			19			44
			26			19			11			44
			21			18			17			44
			25			14			17			44
			9			23			24			44
			26			13			17			44
			10			14			32			44
			16			28			12			44
			14			14			28			44
			18			21			17			44
			12			23			21			44
			11			22			23			44
			21			22			13			44
			14			24			18			44
			9			24			23			44
			27			18			11			44
			28			15			13			44
			11			21			24			44
			30			2			24			44
			33			4			19			44
			11			29			16			44
			35			2			19			44
			32			10			14			44
			18			12			26			44
			31			4			21			44
			11			32			13			44
			17			25			14			44
			13			29			14			44
			30			13			13			44
			35			9			12			44
			11			24			21			44
			10			19			27			44
			24			7			25			44
			18			20			18			44
			9			28			19			44
			20			14			22			44
			13			20			23			44
			13			31			12			44
			30			3			23			44
			10			27			19			44
			21			21			14			44
			10			33			13			44
			32			11			13			44
			34			10			12			44
			20			17			19			44
			22			5			29			44
			11			19			26			44
			18			28			10			44
			27			13			16			44
			26			6			24			44
			29			9			18			44
			33			5			18			44
			14			33			9			44
			13			32			11			44
			26			7			23			44
			16			11			29			44
			14			26			16			44
			14			25			17			44
			12			29			15			44
			22			11			23			44
			21			12			23			44
			19			24			13			44
			13			25			18			44
			23			15			18			44
			28			14			14			44
			15			23			18			44
			34			4			18			44
			19			7			30			44
			17			27			12			44
			22			1			33			44
			27			8			21			44
			22			14			20			44
			14			15			27			44
			30			6			20			44
			21			19			16			44
			28			5			23			44
			24			0			32			44
			25			5			26			44
			19			16			21			44
			19			14			23			44
			15			24			17			44
			19			22			16			43
			11			14			32			43
			25			10			22			43
			17			27			13			43
			9			25			23			43
			15			21			21			43
			35			0			22			43
			19			18			20			43
			16			26			15			43
			13			34			10			43
			17			17			23			43
			15			16			26			43
			26			3			28			43
			32			12			13			43
			16			9			32			43
			17			19			21			43
			15			19			23			43
			30			2			25			43
			23			13			21			43
			18			28			11			43
			23			10			24			43
			14			22			21			43
			13			28			16			43
			15			18			24			43
			23			12			22			43
			10			30			17			43
			11			15			31			43
			19			24			14			43
			28			4			25			43
			23			6			28			43
			19			17			21			43
			9			29			19			43
			17			16			24			43
			28			13			16			43
			25			4			28			43
			19			11			27			43
			16			25			16			43
			20			24			13			43
			20			14			23			43
			20			16			21			43
			13			26			18			43
			31			11			15			43
			9			19			29			43
			9			28			20			43
			9			35			13			43
			14			32			11			43
			35			4			18			43
			11			33			13			43
			30			14			13			43
			31			12			14			43
			29			7			21			43
			14			19			24			43
			29			3			25			43
			29			12			16			43
			12			13			32			43
			17			14			26			43
			22			7			28			43
			24			3			30			43
			25			0			32			43
			16			27			14			43
			32			4			21			43
			19			23			15			43
			28			7			22			43
			12			12			33			43
			22			4			31			43
			16			20			21			43
			31			1			25			43
			10			18			29			43
			26			17			14			43
			17			10			30			43
			12			18			27			43
			28			8			21			43
			23			7			27			43
			20			13			24			43
			33			5			19			43
			26			12			19			43
			34			6			17			43
			17			28			12			43
			20			4			33			43
			21			12			24			43
			27			6			24			43
			33			7			17			43
			20			7			30			43
			32			2			23			43
			11			30			16			43
			27			0			30			43
			26			8			23			43
			12			16			29			43
			18			12			27			43
			24			15			18			43
			28			9			20			43
			22			19			16			43
			35			3			19			43
			14			21			22			43
			13			12			32			43
			14			10			33			43
			19			9			29			43
			11			36			10			43
			20			12			25			43
			31			10			16			43
			21			9			27			43
			26			6			25			43
			18			8			31			43
			19			13			25			43
			16			30			11			43
			35			6			16			43
			21			3			33			43
			19			7			31			43
			13			23			21			43
			13			30			14			43
			32			3			22			43
			12			19			26			43
			13			17			27			43
			10			37			10			43
			10			21			26			43
			34			2			21			43
			22			14			21			43
			9			15			33			43
			20			15			22			43
			25			3			29			43
			33			3			21			43
			15			20			22			43
			10			24			23			43
			17			11			29			43
			16			16			25			43
			23			4			30			43
			25			5			27			43
			13			15			29			43
			24			17			16			43
			12			33			12			43
			22			12			23			43
			11			27			19			43
			24			7			26			43
			25			2			30			43
			20			17			20			43
			24			21			12			43
			24			18			15			43
			31			8			18			43
			11			21			25			43
			13			20			24			43
			24			8			25			43
			34			3			20			43
			24			5			28			43
			17			20			20			43
			24			10			23			43
			23			1			33			43
			33			6			18			43
			20			3			34			43
			14			28			15			43
			35			1			21			43
			23			14			20			43
			10			16			31			43
			28			6			23			43
			12			23			22			43
			15			28			14			43
			35			2			20			43
			13			25			19			43
			15			22			20			43
			27			10			20			43
			17			25			15			43
			25			1			31			43
			16			19			22			43
			18			17			22			43
			35			5			17			43
			9			20			28			43
			12			17			28			43
			21			17			19			43
			32			1			24			43
			31			14			12			43
			9			18			30			43
			32			0			25			43
			19			25			13			43
			29			5			23			43
			16			11			30			43
			19			14			24			43
			27			18			12			43
			22			2			33			43
			20			22			15			43
			31			2			24			43
			19			6			32			43
			31			6			20			43
			15			14			28			43
			22			3			32			43
			30			6			21			43
			21			19			17			43
			16			14			27			43
			12			20			25			43
			15			8			34			43
			20			8			29			43
			18			26			13			43
			19			20			18			43
			24			6			27			43
			17			29			11			43
			27			7			23			43
			33			12			12			43
			28			5			24			43
			22			1			34			43
			12			34			11			43
			23			21			13			43
			11			13			33			43
			21			15			21			43
			24			14			19			43
			23			20			14			43
			21			25			11			43
			24			16			17			43
			12			14			31			43
			21			22			14			43
			11			20			26			43
			10			17			30			43
			27			14			16			43
			25			18			14			43
			20			9			28			43
			11			18			28			43
			25			19			13			43
			18			16			23			43
			19			4			34			43
			14			11			32			43
			25			15			17			43
			13			14			30			43
			23			3			31			43
			31			5			21			43
			22			24			11			43
			13			22			22			43
			29			6			22			43
			29			4			24			43
			9			17			31			43
			21			21			15			43
			9			36			12			43
			15			27			15			43
			17			26			14			43
			20			23			14			43
			9			30			18			43
			22			17			18			43
			23			8			26			43
			30			0			27			43
			10			32			15			43
			12			32			13			43
			29			13			15			43
			14			14			29			43
			30			3			24			43
			22			16			19			43
			18			5			34			43
			22			8			27			43
			14			17			26			43
			11			26			20			43
			21			11			25			43
			10			26			21			43
			35			9			13			43
			24			1			32			43
			11			17			29			43
			31			9			17			43
			15			10			32			43
			9			21			27			43
			33			10			14			43
			23			18			16			43
			31			4			22			43
			19			15			23			43
			12			28			17			43
			29			10			18			43
			29			2			26			43
			10			25			22			43
			28			15			14			43
			22			10			25			43
			9			27			21			43
			32			6			19			43
			25			9			23			43
			24			13			20			43
			15			30			12			43
			18			6			33			43
			25			7			25			43
			12			15			30			43
			29			11			17			43
			18			11			28			43
			10			28			19			43
			13			24			20			43
			21			13			23			43
			33			4			20			43
			22			21			14			43
			14			25			18			43
			19			8			30			43
			21			7			29			43
			20			18			19			43
			12			25			20			43
			30			9			18			43
			9			24			24			43
			30			1			26			43
			26			15			16			43
			16			15			26			43
			23			23			11			43
			13			27			17			43
			10			23			24			43
			32			7			18			43
			24			20			13			43
			18			15			24			43
			23			9			25			43
			22			11			24			43
			25			11			21			43
			21			10			26			43
			30			13			14			43
			21			18			18			43
			32			9			16			43
			30			7			20			43
			14			12			31			43
			11			32			14			43
			9			32			16			43
			19			12			26			43
			29			0			28			43
			9			23			25			43
			16			21			20			43
			17			13			27			43
			13			31			13			43
			27			16			14			43
			16			8			33			43
			25			17			15			43
			29			8			20			43
			30			15			12			43
			32			11			14			43
			11			22			24			43
			13			13			31			43
			10			19			28			43
			10			15			32			43
			25			16			16			43
			23			0			34			43
			23			16			18			43
			28			12			17			43
			10			33			14			43
			26			9			22			43
			13			11			33			43
			9			34			14			43
			34			0			23			43
			28			14			15			43
			18			14			25			43
			24			11			22			43
			17			6			34			43
			26			5			26			43
			27			4			26			43
			22			13			22			43
			10			29			18			43
			33			1			23			43
			9			31			17			43
			14			27			16			43
			22			18			17			43
			22			5			30			43
			32			5			20			43
			33			9			15			43
			15			15			27			43
			30			12			15			43
			12			29			16			43
			9			38			10			43
			26			1			30			43
			14			26			17			43
			27			8			22			43
			27			15			15			43
			30			11			16			43
			18			25			14			43
			24			19			14			43
			18			9			30			43
			15			23			19			43
			25			8			24			43
			11			19			27			43
			30			8			19			43
			29			15			13			43
			28			0			29			43
			18			24			15			43
			22			9			26			43
			34			8			15			43
			10			35			12			43
			34			10			13			43
			15			11			31			43
			19			26			12			43
			12			26			19			43
			18			22			17			43
			13			32			12			43
			21			20			16			43
			10			22			25			43
			12			22			23			43
			27			1			29			43
			28			17			12			43
			13			21			23			43
			17			8			32			43
			10			31			16			43
			24			0			33			43
			18			23			16			43
			11			16			30			43
			14			16			27			43
			20			25			12			43
			9			37			11			43
			22			6			29			43
			24			4			29			43
			12			21			24			43
			14			29			14			43
			26			11			20			43
			16			22			19			43
			21			6			30			43
			16			28			13			43
			14			13			30			43
			34			1			22			43
			17			12			28			43
			27			11			19			43
			17			7			33			43
			31			3			23			43
			25			14			18			43
			16			23			18			43
			10			27			20			43
			15			25			17			43
			14			15			28			43
			34			4			19			43
			17			18			22			43
			21			24			12			43
			19			19			19			43
			12			24			21			43
			16			12			29			43
			15			31			11			43
			15			24			18			43
			15			9			33			43
			9			26			22			43
			19			21			17			43
			19			10			28			43
			33			8			16			43
			10			36			11			43
			18			10			29			43
			13			19			25			43
			26			14			17			43
			18			7			32			43
			12			31			14			43
			17			24			16			43
			33			2			22			43
			29			1			27			43
			23			11			23			43
			30			5			22			43
			21			2			34			43
			15			17			25			43
			23			22			12			43
			14			9			34			43
			25			12			20			43
			14			20			23			43
			28			3			26			43
			18			27			12			43
			17			23			17			43
			10			34			13			43
			17			15			25			43
			34			7			16			43
			31			7			19			43
			16			10			31			43
			26			19			12			43
			23			19			15			43
			21			16			20			43
			14			24			19			43
			30			10			17			43
			20			20			17			43
			28			1			28			43
			21			14			22			43
			9			33			15			43
			17			9			31			43
			33			11			13			43
			22			23			12			43
			23			15			19			43
			29			14			14			43
			10			20			27			43
			11			31			15			43
			21			5			31			43
			16			18			23			43
			20			26			11			43
			26			2			29			43
			16			29			12			43
			29			9			19			43
			26			10			21			43
			21			8			28			43
			11			35			11			43
			14			30			13			43
			28			11			18			43
			11			28			18			43
			22			15			20			43
			26			16			15			43
			17			21			19			43
			26			13			18			43
			32			10			15			43
			20			21			16			43
			27			9			21			43
			10			14			33			43
			13			29			15			43
			20			10			27			43
			18			13			26			43
			20			6			31			43
			21			23			13			43
			27			2			28			43
			11			25			21			43
			16			24			17			43
			16			13			28			43
			25			13			19			43
			11			29			17			43
			18			20			19			43
			13			18			26			43
			29			16			12			43
			35			7			15			43
			13			16			28			43
			26			4			27			43
			34			5			18			43
			9			22			26			43
			31			0			26			43
			9			16			32			43
			27			5			25			43
			33			0			24			43
			24			9			24			43
			19			5			33			43
			16			17			24			43
			14			18			25			43
			13			33			11			43
			27			13			17			43
			26			18			13			43
			27			17			13			43
			31			13			13			43
			23			17			17			43
			24			12			21			43
			19			16			22			43
			20			5			32			43
			26			7			24			43
			15			12			30			43
			27			12			18			43
			26			0			31			43
			12			35			10			43
			21			4			32			43
			12			27			18			43
			18			19			20			43
			35			8			14			43
			16			7			34			43
			15			29			13			43
			28			2			27			43
			27			3			27			43
			32			8			17			43
			28			16			13			43
			15			26			16			43
			22			22			13			43
			17			22			18			43
			19			27			11			43
			24			2			31			43
			30			4			23			43
			23			2			32			43
			11			34			12			43
			32			13			12			43
			34			9			14			43
			11			24			22			43
			28			10			19			43
			11			23			23			43
			14			23			20			43
			22			20			15			43
			20			19			18			43
			25			6			26			43
			15			13			29			43
			18			18			21			43
			25			20			12			43
			23			5			29			43
			20			11			26			43
			18			21			18			43
			12			30			15			43
			14			31			12			43
			9			35			14			42
			10			30			18			42
			15			29			14			42
			9			16			33			42
			9			24			25			42
			24			13			21			42
			28			2			28			42
			20			11			27			42
			13			12			33			42
			11			28			19			42
			20			20			18			42
			14			15			29			42
			17			18			23			42
			12			34			12			42
			34			5			19			42
			18			13			27			42
			10			36			12			42
			16			29			13			42
			16			21			21			42
			16			16			26			42
			20			16			22			42
			23			20			15			42
			14			25			19			42
			19			23			16			42
			14			32			12			42
			20			23			15			42
			17			9			32			42
			35			2			21			42
			29			3			26			42
			12			32			14			42
			14			9			35			42
			11			13			34			42
			15			23			20			42
			12			22			24			42
			13			22			23			42
			17			25			16			42
			29			2			27			42
			10			14			34			42
			24			9			25			42
			11			25			22			42
			24			4			30			42
			16			13			29			42
			18			27			13			42
			15			11			32			42
			26			7			25			42
			33			9			16			42
			25			17			16			42
			27			15			16			42
			26			16			16			42
			13			10			35			42
			35			1			22			42
			24			8			26			42
			9			33			16			42
			29			14			15			42
			11			16			31			42
			12			16			30			42
			31			14			13			42
			27			12			19			42
			24			18			16			42
			13			30			15			42
			10			23			25			42
			34			8			16			42
			11			26			21			42
			18			25			15			42
			13			33			12			42
			14			20			24			42
			25			5			28			42
			14			18			26			42
			30			9			19			42
			9			17			32			42
			11			36			11			42
			15			24			19			42
			32			9			17			42
			13			16			29			42
			12			27			19			42
			14			31			13			42
			34			9			15			42
			29			4			25			42
			30			5			23			42
			29			16			13			42
			13			11			34			42
			9			30			19			42
			21			18			19			42
			21			6			31			42
			25			12			21			42
			11			19			28			42
			20			3			35			42
			30			11			17			42
			16			9			33			42
			19			22			17			42
			19			5			34			42
			19			14			25			42
			25			4			29			42
			10			22			26			42
			30			6			22			42
			31			8			19			42
			30			4			24			42
			21			14			23			42
			19			6			33			42
			21			8			29			42
			21			11			26			42
			16			17			25			42
			23			1			34			42
			12			28			18			42
			12			25			21			42
			26			9			23			42
			15			26			17			42
			13			25			20			42
			23			21			14			42
			17			16			25			42
			35			3			20			42
			16			7			35			42
			27			11			20			42
			15			18			25			42
			14			26			18			42
			13			29			16			42
			24			14			20			42
			22			4			32			42
			19			11			28			42
			13			28			17			42
			17			11			30			42
			25			19			14			42
			25			18			15			42
			31			5			22			42
			21			23			14			42
			16			27			15			42
			22			3			33			42
			21			7			30			42
			15			27			16			42
			33			6			19			42
			22			15			21			42
			12			17			29			42
			18			28			12			42
			24			3			31			42
			9			19			30			42
			16			25			17			42
			17			17			24			42
			18			16			24			42
			23			2			33			42
			28			16			14			42
			17			8			33			42
			22			24			12			42
			24			11			23			42
			9			27			22			42
			10			37			11			42
			15			30			13			42
			28			9			21			42
			12			24			22			42
			22			19			17			42
			17			28			13			42
			27			7			24			42
			15			21			22			42
			31			3			24			42
			9			36			13			42
			29			5			24			42
			28			14			16			42
			9			32			17			42
			15			15			28			42
			15			14			29			42
			18			22			18			42
			28			7			23			42
			20			6			32			42
			15			22			21			42
			20			21			17			42
			22			1			35			42
			29			8			21			42
			14			12			32			42
			23			22			13			42
			27			2			29			42
			29			6			23			42
			17			15			26			42
			26			17			15			42
			26			10			22			42
			23			8			27			42
			19			24			15			42
			21			15			22			42
			24			10			24			42
			16			19			23			42
			17			22			19			42
			28			1			29			42
			15			13			30			42
			26			8			24			42
			34			7			17			42
			11			18			29			42
			11			23			24			42
			17			27			14			42
			22			7			29			42
			20			8			30			42
			9			28			21			42
			25			20			13			42
			17			14			27			42
			18			12			28			42
			10			28			20			42
			17			29			12			42
			18			6			34			42
			10			32			16			42
			24			20			14			42
			27			8			23			42
			27			5			26			42
			11			17			30			42
			25			16			17			42
			15			31			12			42
			25			10			23			42
			12			13			33			42
			17			24			17			42
			18			17			23			42
			28			8			22			42
			32			11			15			42
			13			18			27			42
			10			17			31			42
			34			1			23			42
			15			16			27			42
			31			0			27			42
			34			6			18			42
			9			21			28			42
			11			32			15			42
			18			18			22			42
			33			7			18			42
			14			10			34			42
			12			18			28			42
			13			14			31			42
			16			10			32			42
			16			8			34			42
			12			23			23			42
			33			10			15			42
			32			12			14			42
			24			7			27			42
			24			17			17			42
			13			15			30			42
			35			7			16			42
			34			4			20			42
			26			0			32			42
			21			20			17			42
			10			33			15			42
			28			10			20			42
			25			8			25			42
			32			13			13			42
			12			19			27			42
			33			5			20			42
			14			29			15			42
			19			4			35			42
			21			5			32			42
			26			6			26			42
			29			11			18			42
			33			4			21			42
			21			9			28			42
			21			21			16			42
			26			13			19			42
			22			12			24			42
			19			18			21			42
			24			12			22			42
			20			14			24			42
			18			15			25			42
			23			7			28			42
			22			23			13			42
			23			5			30			42
			18			8			32			42
			20			26			12			42
			34			2			22			42
			25			2			31			42
			13			26			19			42
			22			14			22			42
			18			14			26			42
			27			10			21			42
			9			18			31			42
			25			0			33			42
			32			5			21			42
			9			38			11			42
			30			0			28			42
			23			19			16			42
			10			15			33			42
			20			15			23			42
			28			13			17			42
			22			18			18			42
			23			4			31			42
			12			12			34			42
			24			6			28			42
			32			10			16			42
			11			20			27			42
			32			3			23			42
			14			23			21			42
			17			13			28			42
			15			12			31			42
			21			22			15			42
			16			20			22			42
			17			6			35			42
			19			8			31			42
			18			10			30			42
			23			9			26			42
			14			14			30			42
			35			5			18			42
			11			27			20			42
			15			25			18			42
			28			12			18			42
			27			13			18			42
			24			1			33			42
			31			6			21			42
			20			4			34			42
			18			21			19			42
			29			7			22			42
			26			1			31			42
			20			19			19			42
			27			18			13			42
			25			6			27			42
			16			28			14			42
			30			1			27			42
			14			28			16			42
			18			24			16			42
			26			11			21			42
			19			13			26			42
			9			26			23			42
			22			20			16			42
			23			18			17			42
			20			12			26			42
			16			26			16			42
			22			22			14			42
			32			1			25			42
			19			20			19			42
			26			14			18			42
			23			17			18			42
			22			9			27			42
			11			22			25			42
			30			14			14			42
			17			21			20			42
			22			2			34			42
			10			25			23			42
			11			21			26			42
			11			24			23			42
			22			5			31			42
			11			30			17			42
			20			9			29			42
			28			17			13			42
			31			12			15			42
			16			24			18			42
			27			6			25			42
			10			18			30			42
			9			20			29			42
			14			30			14			42
			21			24			13			42
			26			2			30			42
			11			33			14			42
			31			1			26			42
			16			12			30			42
			13			21			24			42
			9			25			24			42
			13			20			25			42
			28			0			30			42
			34			10			14			42
			19			7			32			42
			14			13			31			42
			16			23			19			42
			20			22			16			42
			25			15			18			42
			26			19			13			42
			14			21			23			42
			30			10			18			42
			21			2			35			42
			18			19			21			42
			31			4			23			42
			21			17			20			42
			16			11			31			42
			33			2			23			42
			16			18			24			42
			13			19			26			42
			27			4			27			42
			29			1			28			42
			22			21			15			42
			33			0			25			42
			9			29			20			42
			22			17			19			42
			10			27			21			42
			18			26			14			42
			14			17			27			42
			28			4			26			42
			19			16			23			42
			27			9			22			42
			29			10			19			42
			17			7			34			42
			25			9			24			42
			30			3			25			42
			18			20			20			42
			12			31			15			42
			12			15			31			42
			20			5			33			42
			33			11			14			42
			31			9			18			42
			33			3			22			42
			9			23			26			42
			24			0			34			42
			23			11			24			42
			32			4			22			42
			24			15			19			42
			12			35			11			42
			29			9			20			42
			29			15			14			42
			13			31			14			42
			31			10			17			42
			21			12			25			42
			12			33			13			42
			29			0			29			42
			28			15			15			42
			32			6			20			42
			20			25			13			42
			23			3			32			42
			31			13			14			42
			20			10			28			42
			27			14			17			42
			27			3			28			42
			14			24			20			42
			21			10			27			42
			12			14			32			42
			15			10			33			42
			11			34			13			42
			30			15			13			42
			35			8			15			42
			19			19			20			42
			10			29			19			42
			9			34			15			42
			12			20			26			42
			12			26			20			42
			27			1			30			42
			22			13			23			42
			13			13			32			42
			35			0			23			42
			11			29			18			42
			25			13			20			42
			26			4			28			42
			14			11			33			42
			35			9			14			42
			27			0			31			42
			28			6			24			42
			30			13			15			42
			13			27			18			42
			10			19			29			42
			9			22			27			42
			23			6			29			42
			16			15			27			42
			33			8			17			42
			35			6			17			42
			22			6			30			42
			25			1			32			42
			11			15			32			42
			9			15			34			42
			24			2			32			42
			16			22			20			42
			19			12			27			42
			23			15			20			42
			30			2			26			42
			25			7			26			42
			15			8			35			42
			26			15			17			42
			13			23			22			42
			22			10			26			42
			24			16			18			42
			13			17			28			42
			26			5			27			42
			9			31			18			42
			12			29			17			42
			29			13			16			42
			14			27			17			42
			10			21			27			42
			14			22			22			42
			14			19			25			42
			23			0			35			42
			29			12			17			42
			18			11			29			42
			19			26			13			42
			13			32			13			42
			11			35			12			42
			31			2			25			42
			28			11			19			42
			10			35			13			42
			10			20			28			42
			26			18			14			42
			24			5			29			42
			15			17			26			42
			26			12			20			42
			19			9			30			42
			21			3			34			42
			23			10			25			42
			11			31			16			42
			10			24			24			42
			27			16			15			42
			12			21			25			42
			15			20			23			42
			15			19			24			42
			32			0			26			42
			18			5			35			42
			30			8			20			42
			11			14			33			42
			33			1			24			42
			24			21			13			42
			10			31			17			42
			30			12			16			42
			21			19			18			42
			22			8			28			42
			10			34			14			42
			20			18			20			42
			16			30			12			42
			15			28			15			42
			23			13			22			42
			34			0			24			42
			25			11			22			42
			18			23			17			42
			34			3			21			42
			17			20			21			42
			26			3			29			42
			19			27			12			42
			17			10			31			42
			17			26			15			42
			17			23			18			42
			19			25			14			42
			35			4			19			42
			23			14			21			42
			13			24			21			42
			17			12			29			42
			19			15			24			42
			23			16			19			42
			16			14			28			42
			19			21			18			42
			15			9			34			42
			12			30			16			42
			18			9			31			42
			28			3			27			42
			23			12			23			42
			18			7			33			42
			21			13			24			42
			22			11			25			42
			21			4			33			42
			19			10			29			42
			20			17			21			42
			30			7			21			42
			20			13			25			42
			17			19			22			42
			28			5			25			42
			9			37			12			42
			31			11			16			42
			24			19			15			42
			19			17			22			42
			27			17			14			42
			20			7			31			42
			21			16			21			42
			25			3			30			42
			32			7			19			42
			32			8			18			42
			22			16			20			42
			25			14			19			42
			10			26			22			42
			32			2			24			42
			10			16			32			42
			20			24			14			42
			21			25			12			42
			31			7			20			42
			14			16			28			42
			24			11			24			41
			14			30			15			41
			19			15			25			41
			17			16			26			41
			11			25			23			41
			9			21			29			41
			28			1			30			41
			30			15			14			41
			9			26			24			41
			15			16			28			41
			24			20			15			41
			9			24			26			41
			31			2			26			41
			12			33			14			41
			19			4			36			41
			17			27			15			41
			17			29			13			41
			21			23			15			41
			33			0			26			41
			31			7			21			41
			25			2			32			41
			22			15			22			41
			28			4			27			41
			20			23			16			41
			15			30			14			41
			18			6			35			41
			12			31			16			41
			27			17			15			41
			24			1			34			41
			25			14			20			41
			25			5			29			41
			18			10			31			41
			22			7			30			41
			25			20			14			41
			16			15			28			41
			32			5			22			41
			24			17			18			41
			26			3			30			41
			18			25			16			41
			14			9			36			41
			35			1			23			41
			15			9			35			41
			11			23			25			41
			19			12			28			41
			20			5			34			41
			12			13			34			41
			29			2			28			41
			14			11			34			41
			27			2			30			41
			12			17			30			41
			21			17			21			41
			30			3			26			41
			18			7			34			41
			28			9			22			41
			20			6			33			41
			27			13			19			41
			21			8			30			41
			27			14			18			41
			11			16			32			41
			29			11			19			41
			14			12			33			41
			28			7			24			41
			20			24			15			41
			16			28			15			41
			32			12			15			41
			22			23			14			41
			30			6			23			41
			21			12			26			41
			20			15			24			41
			17			6			36			41
			16			17			26			41
			32			9			18			41
			28			6			25			41
			22			2			35			41
			24			7			28			41
			28			10			21			41
			24			13			22			41
			20			8			31			41
			9			15			35			41
			19			25			15			41
			20			18			21			41
			22			3			34			41
			25			6			28			41
			13			33			13			41
			35			0			24			41
			11			19			29			41
			26			18			15			41
			20			20			19			41
			17			22			20			41
			18			23			18			41
			22			10			27			41
			33			8			18			41
			17			13			29			41
			15			24			20			41
			24			15			20			41
			12			22			25			41
			12			34			13			41
			12			21			26			41
			9			31			19			41
			16			23			20			41
			24			21			14			41
			10			30			19			41
			13			15			31			41
			18			16			25			41
			29			16			14			41
			21			18			20			41
			18			8			33			41
			29			0			30			41
			12			29			18			41
			11			30			18			41
			23			14			22			41
			30			4			25			41
			22			22			15			41
			16			16			27			41
			21			13			25			41
			23			5			31			41
			16			26			17			41
			16			7			36			41
			15			14			30			41
			14			32			13			41
			19			22			18			41
			23			22			14			41
			28			13			18			41
			22			13			24			41
			16			19			24			41
			17			28			14			41
			10			31			18			41
			19			16			24			41
			29			10			20			41
			16			12			31			41
			27			6			26			41
			26			16			17			41
			31			5			23			41
			29			6			24			41
			13			19			27			41
			14			16			29			41
			35			9			15			41
			16			9			34			41
			15			15			29			41
			10			24			25			41
			26			10			23			41
			27			4			28			41
			30			14			15			41
			10			18			31			41
			23			1			35			41
			19			13			27			41
			23			10			26			41
			12			32			15			41
			23			11			25			41
			31			6			22			41
			15			13			31			41
			15			18			26			41
			21			25			13			41
			14			22			23			41
			29			12			18			41
			14			28			17			41
			25			7			27			41
			9			30			20			41
			20			14			25			41
			35			3			21			41
			9			19			31			41
			23			8			28			41
			9			18			32			41
			27			1			31			41
			18			20			21			41
			20			17			22			41
			10			32			17			41
			23			17			19			41
			18			17			24			41
			18			5			36			41
			28			12			19			41
			23			19			17			41
			25			11			23			41
			28			15			16			41
			20			4			35			41
			9			35			15			41
			23			20			16			41
			11			33			15			41
			11			24			24			41
			15			12			32			41
			19			9			31			41
			23			6			30			41
			33			10			16			41
			12			28			19			41
			23			12			24			41
			21			6			32			41
			9			28			22			41
			20			13			26			41
			17			20			22			41
			15			21			23			41
			31			10			18			41
			15			26			18			41
			31			14			14			41
			28			5			26			41
			16			18			25			41
			33			4			22			41
			26			0			33			41
			30			11			18			41
			30			12			17			41
			23			15			21			41
			25			13			21			41
			9			29			21			41
			14			29			16			41
			32			3			24			41
			15			31			13			41
			22			14			23			41
			14			14			31			41
			13			31			15			41
			10			28			21			41
			12			16			31			41
			16			13			30			41
			26			15			18			41
			13			30			16			41
			30			7			22			41
			32			2			25			41
			13			27			19			41
			12			23			24			41
			18			14			27			41
			28			11			20			41
			11			36			12			41
			16			21			22			41
			19			20			20			41
			26			12			21			41
			13			17			29			41
			16			29			14			41
			20			25			14			41
			17			25			17			41
			22			11			26			41
			9			32			18			41
			21			20			18			41
			9			36			14			41
			21			16			22			41
			17			26			16			41
			13			26			20			41
			28			0			31			41
			21			15			23			41
			10			37			12			41
			19			17			23			41
			22			12			25			41
			34			7			18			41
			34			8			17			41
			30			1			28			41
			11			20			28			41
			18			26			15			41
			14			21			24			41
			29			8			22			41
			33			9			17			41
			34			5			20			41
			31			4			24			41
			9			22			28			41
			15			8			36			41
			19			11			29			41
			29			9			21			41
			13			10			36			41
			12			14			33			41
			33			3			23			41
			33			6			20			41
			17			21			21			41
			11			18			30			41
			12			25			22			41
			22			21			16			41
			14			27			18			41
			21			10			28			41
			32			1			26			41
			24			5			30			41
			14			15			30			41
			11			13			35			41
			12			26			21			41
			10			35			14			41
			11			17			31			41
			28			2			29			41
			27			12			20			41
			16			11			32			41
			34			2			23			41
			27			3			29			41
			22			19			18			41
			24			14			21			41
			22			18			19			41
			17			14			28			41
			13			32			14			41
			13			12			34			41
			20			16			23			41
			16			20			23			41
			19			27			13			41
			18			24			17			41
			26			13			20			41
			20			11			28			41
			15			22			22			41
			15			25			19			41
			22			8			29			41
			24			16			19			41
			23			21			15			41
			16			25			18			41
			22			6			31			41
			29			15			15			41
			10			19			30			41
			21			21			17			41
			24			12			23			41
			20			12			27			41
			22			20			17			41
			32			7			20			41
			11			21			27			41
			17			9			33			41
			31			8			20			41
			20			7			32			41
			35			5			19			41
			15			27			17			41
			24			8			27			41
			17			24			18			41
			28			17			14			41
			10			21			28			41
			33			2			24			41
			26			8			25			41
			22			16			21			41
			27			0			32			41
			19			21			19			41
			9			27			23			41
			27			16			16			41
			26			2			31			41
			11			28			20			41
			15			11			33			41
			19			19			21			41
			15			28			16			41
			21			19			19			41
			32			0			27			41
			21			5			33			41
			23			3			33			41
			10			16			33			41
			11			27			21			41
			29			5			25			41
			19			24			16			41
			9			34			16			41
			15			23			21			41
			25			12			22			41
			14			24			21			41
			17			18			24			41
			14			25			20			41
			25			8			26			41
			30			0			29			41
			29			1			29			41
			20			3			36			41
			17			23			19			41
			11			34			14			41
			25			16			18			41
			25			9			25			41
			18			18			23			41
			16			10			33			41
			26			19			14			41
			14			26			19			41
			15			19			25			41
			20			26			13			41
			29			13			17			41
			18			13			28			41
			17			12			30			41
			28			14			17			41
			21			24			14			41
			24			9			26			41
			25			4			30			41
			24			0			35			41
			19			5			35			41
			18			19			22			41
			13			25			21			41
			11			35			13			41
			12			15			32			41
			22			1			36			41
			12			24			23			41
			10			23			26			41
			25			15			19			41
			18			9			32			41
			10			14			35			41
			16			14			29			41
			23			16			20			41
			23			7			29			41
			16			24			19			41
			30			9			20			41
			11			15			33			41
			9			23			27			41
			30			5			24			41
			28			3			28			41
			34			6			19			41
			33			7			19			41
			32			10			17			41
			34			3			22			41
			17			8			34			41
			33			11			15			41
			13			18			28			41
			18			12			29			41
			28			16			15			41
			25			17			17			41
			32			8			19			41
			26			4			29			41
			31			11			17			41
			12			12			35			41
			21			14			24			41
			15			29			15			41
			10			26			23			41
			30			13			16			41
			25			1			33			41
			10			29			20			41
			9			37			13			41
			31			12			16			41
			10			17			32			41
			16			27			16			41
			17			11			31			41
			31			9			19			41
			11			32			16			41
			35			7			17			41
			13			21			25			41
			32			4			23			41
			32			6			21			41
			13			22			24			41
			13			14			32			41
			19			10			30			41
			24			2			33			41
			21			22			16			41
			26			9			24			41
			18			22			19			41
			12			19			28			41
			27			11			21			41
			26			7			26			41
			20			10			29			41
			11			29			19			41
			20			9			30			41
			20			19			20			41
			35			6			18			41
			12			20			27			41
			29			4			26			41
			14			23			22			41
			10			33			16			41
			19			23			17			41
			24			10			25			41
			10			15			34			41
			12			30			17			41
			13			28			18			41
			14			17			28			41
			18			21			20			41
			11			22			26			41
			19			26			14			41
			17			19			23			41
			12			18			29			41
			9			33			17			41
			21			4			34			41
			17			17			25			41
			34			4			21			41
			19			6			34			41
			34			1			24			41
			10			25			24			41
			33			5			21			41
			22			4			33			41
			30			2			27			41
			23			9			27			41
			13			13			33			41
			30			10			19			41
			27			7			25			41
			14			31			14			41
			18			27			14			41
			31			13			15			41
			29			3			27			41
			10			22			27			41
			13			29			17			41
			23			0			36			41
			15			17			27			41
			16			8			35			41
			29			7			23			41
			21			2			36			41
			9			17			33			41
			35			8			16			41
			17			10			32			41
			18			28			13			41
			23			13			23			41
			27			8			24			41
			13			16			30			41
			24			18			17			41
			26			11			22			41
			26			5			28			41
			10			27			22			41
			18			11			30			41
			27			9			23			41
			22			17			20			41
			14			18			27			41
			9			20			30			41
			26			1			32			41
			23			4			32			41
			19			8			32			41
			34			10			15			41
			10			20			29			41
			11			31			17			41
			30			8			21			41
			25			10			24			41
			24			4			31			41
			24			3			32			41
			27			18			14			41
			14			20			25			41
			14			19			26			41
			27			5			27			41
			22			9			28			41
			26			6			27			41
			34			0			25			41
			9			38			12			41
			31			0			28			41
			10			36			13			41
			13			11			35			41
			16			30			13			41
			11			26			22			41
			17			15			27			41
			33			1			25			41
			35			4			20			41
			12			11			36			41
			16			22			21			41
			9			25			25			41
			11			14			34			41
			19			18			22			41
			24			6			29			41
			21			11			27			41
			23			18			18			41
			12			27			20			41
			9			16			34			41
			22			0			37			41
			14			10			35			41
			21			7			31			41
			25			19			15			41
			22			5			32			41
			27			10			22			41
			31			1			27			41
			25			0			34			41
			13			24			22			41
			25			3			31			41
			15			20			24			41
			34			9			16			41
			13			20			26			41
			29			14			16			41
			20			22			17			41
			24			19			16			41
			13			23			23			41
			27			15			17			41
			23			2			34			41
			26			14			19			41
			21			3			35			41
			10			34			15			41
			25			18			16			41
			26			17			16			41
			19			7			33			41
			17			7			35			41
			32			11			16			41
			19			14			26			41
			31			3			25			41
			28			8			23			41
			15			10			34			41
			14			13			32			41
			21			9			29			41
			35			2			22			41
			18			15			26			41
			20			21			18			41
			17			28			15			40
			11			13			36			40
			9			21			30			40
			9			33			18			40
			20			12			28			40
			15			28			17			40
			16			23			21			40
			28			16			16			40
			10			28			22			40
			18			13			29			40
			29			5			26			40
			19			8			33			40
			16			17			27			40
			13			10			37			40
			18			9			33			40
			18			12			30			40
			11			22			27			40
			19			6			35			40
			24			14			22			40
			25			6			29			40
			23			19			18			40
			16			11			33			40
			22			9			29			40
			21			17			22			40
			18			15			27			40
			21			15			24			40
			15			14			31			40
			26			2			32			40
			24			3			33			40
			26			4			30			40
			9			30			21			40
			20			25			15			40
			18			24			18			40
			25			9			26			40
			28			5			27			40
			29			10			21			40
			35			4			21			40
			14			11			35			40
			15			23			22			40
			12			11			37			40
			11			14			35			40
			20			9			31			40
			16			14			30			40
			29			8			23			40
			9			16			35			40
			28			15			17			40
			23			10			27			40
			17			13			30			40
			35			5			20			40
			18			7			35			40
			35			3			22			40
			11			29			20			40
			28			14			18			40
			14			21			25			40
			17			17			26			40
			14			20			26			40
			17			26			17			40
			31			1			28			40
			11			31			18			40
			29			15			16			40
			12			22			26			40
			9			28			23			40
			15			19			26			40
			31			3			26			40
			21			5			34			40
			14			24			22			40
			9			17			34			40
			31			12			17			40
			14			14			32			40
			26			19			15			40
			15			13			32			40
			17			12			31			40
			10			14			36			40
			15			15			30			40
			16			30			14			40
			21			1			38			40
			15			20			25			40
			10			32			18			40
			23			8			29			40
			11			19			30			40
			23			20			17			40
			33			2			25			40
			21			20			19			40
			12			21			27			40
			15			30			15			40
			21			6			33			40
			22			16			22			40
			23			7			30			40
			19			4			37			40
			24			13			23			40
			31			11			18			40
			11			32			17			40
			26			9			25			40
			14			30			16			40
			27			5			28			40
			20			20			20			40
			20			23			17			40
			20			14			26			40
			17			24			19			40
			10			29			21			40
			20			13			27			40
			27			17			16			40
			13			28			19			40
			32			11			17			40
			12			33			15			40
			12			20			28			40
			15			16			29			40
			26			1			33			40
			17			6			37			40
			26			15			19			40
			30			6			24			40
			12			25			23			40
			23			15			22			40
			9			37			14			40
			30			12			18			40
			14			17			29			40
			27			15			18			40
			15			21			24			40
			29			2			29			40
			30			7			23			40
			26			14			20			40
			22			12			26			40
			15			22			23			40
			25			13			22			40
			26			3			31			40
			22			1			37			40
			29			9			22			40
			31			0			29			40
			25			11			24			40
			13			26			21			40
			15			9			36			40
			22			13			25			40
			34			0			26			40
			23			1			36			40
			22			11			27			40
			19			14			27			40
			10			36			14			40
			9			27			24			40
			33			1			26			40
			21			16			23			40
			30			10			20			40
			24			10			26			40
			27			13			20			40
			14			10			36			40
			24			17			19			40
			34			5			21			40
			11			20			29			40
			19			17			24			40
			25			16			19			40
			22			15			23			40
			31			8			21			40
			10			17			33			40
			28			2			30			40
			15			11			34			40
			33			8			19			40
			9			32			19			40
			29			16			15			40
			23			22			15			40
			11			17			32			40
			31			9			20			40
			13			14			33			40
			27			18			15			40
			25			8			27			40
			24			9			27			40
			18			19			23			40
			10			30			20			40
			10			21			29			40
			35			2			23			40
			19			22			19			40
			26			7			27			40
			22			14			24			40
			21			9			30			40
			13			16			31			40
			24			1			35			40
			31			10			19			40
			27			6			27			40
			12			23			25			40
			15			26			19			40
			34			4			22			40
			11			26			23			40
			22			10			28			40
			33			5			22			40
			23			11			26			40
			14			12			34			40
			28			1			31			40
			24			4			32			40
			13			31			16			40
			19			19			22			40
			26			10			24			40
			21			11			28			40
			12			18			30			40
			29			3			28			40
			26			12			22			40
			28			17			15			40
			22			18			20			40
			26			0			34			40
			12			24			24			40
			12			28			20			40
			9			19			32			40
			11			24			25			40
			22			19			19			40
			11			30			19			40
			28			0			32			40
			27			1			32			40
			26			11			23			40
			33			4			23			40
			13			29			18			40
			10			18			32			40
			10			33			17			40
			28			10			22			40
			19			26			15			40
			27			0			33			40
			13			23			24			40
			20			11			29			40
			16			18			26			40
			26			17			17			40
			25			4			31			40
			13			11			36			40
			9			15			36			40
			15			29			16			40
			32			0			28			40
			13			30			17			40
			10			31			19			40
			26			18			16			40
			10			19			31			40
			27			8			25			40
			22			0			38			40
			18			23			19			40
			12			16			32			40
			16			25			19			40
			19			16			25			40
			32			6			22			40
			19			24			17			40
			12			30			18			40
			24			8			28			40
			26			16			18			40
			30			5			25			40
			18			11			31			40
			29			6			25			40
			11			28			21			40
			18			6			36			40
			21			7			32			40
			23			2			35			40
			25			12			23			40
			26			6			28			40
			34			2			24			40
			9			38			13			40
			17			11			32			40
			10			23			27			40
			17			19			24			40
			33			3			24			40
			24			15			21			40
			28			8			24			40
			26			13			21			40
			20			5			35			40
			24			18			18			40
			25			3			32			40
			16			12			32			40
			11			33			16			40
			25			5			30			40
			16			20			24			40
			25			10			25			40
			33			6			21			40
			14			18			28			40
			14			29			17			40
			14			13			33			40
			31			5			24			40
			13			18			29			40
			14			25			21			40
			20			16			24			40
			18			26			16			40
			23			16			21			40
			28			3			29			40
			17			29			14			40
			31			6			23			40
			21			24			15			40
			35			0			25			40
			24			21			15			40
			35			1			24			40
			22			5			33			40
			32			3			25			40
			33			7			20			40
			10			26			24			40
			18			28			14			40
			16			19			25			40
			19			10			31			40
			19			13			28			40
			23			5			32			40
			34			3			23			40
			10			16			34			40
			21			22			17			40
			27			4			29			40
			22			17			21			40
			20			19			21			40
			13			13			34			40
			32			5			23			40
			24			16			20			40
			19			18			23			40
			18			20			22			40
			34			6			20			40
			28			4			28			40
			11			27			22			40
			28			13			19			40
			14			32			14			40
			13			12			35			40
			10			25			25			40
			9			36			15			40
			10			22			28			40
			28			9			23			40
			30			2			28			40
			18			25			17			40
			11			12			37			40
			35			9			16			40
			20			10			30			40
			18			16			26			40
			32			2			26			40
			16			16			28			40
			34			1			25			40
			15			10			35			40
			30			8			22			40
			19			11			30			40
			30			1			29			40
			10			34			16			40
			13			27			20			40
			20			6			34			40
			12			19			29			40
			32			8			20			40
			12			32			16			40
			14			16			30			40
			16			28			16			40
			9			18			33			40
			23			17			20			40
			15			8			37			40
			16			26			18			40
			22			7			31			40
			13			25			22			40
			23			21			16			40
			12			26			22			40
			34			10			16			40
			15			31			14			40
			17			14			29			40
			32			1			27			40
			9			22			29			40
			17			7			36			40
			21			10			29			40
			25			20			15			40
			17			27			16			40
			16			21			23			40
			14			23			23			40
			11			23			26			40
			33			11			16			40
			11			16			33			40
			29			11			20			40
			19			9			32			40
			14			31			15			40
			15			24			21			40
			11			34			15			40
			16			15			29			40
			24			20			16			40
			22			2			36			40
			18			18			24			40
			12			31			17			40
			11			18			31			40
			19			25			16			40
			12			14			34			40
			17			15			28			40
			31			4			25			40
			17			20			23			40
			20			8			32			40
			33			0			27			40
			24			12			24			40
			19			27			14			40
			20			15			25			40
			14			15			31			40
			11			21			28			40
			10			35			15			40
			21			4			35			40
			23			13			24			40
			12			15			33			40
			13			21			26			40
			9			20			31			40
			32			12			16			40
			31			13			16			40
			14			27			19			40
			13			32			15			40
			30			11			19			40
			15			12			33			40
			12			27			21			40
			19			20			21			40
			18			8			34			40
			15			17			28			40
			21			13			26			40
			26			8			26			40
			10			27			23			40
			23			14			23			40
			23			4			33			40
			21			2			37			40
			9			24			27			40
			16			8			36			40
			18			17			25			40
			30			9			21			40
			23			18			19			40
			25			1			34			40
			12			13			35			40
			13			17			30			40
			9			25			26			40
			20			26			14			40
			19			21			20			40
			25			0			35			40
			29			14			17			40
			18			21			21			40
			15			25			20			40
			22			4			34			40
			22			3			35			40
			24			6			30			40
			29			7			24			40
			20			17			23			40
			21			19			20			40
			30			13			17			40
			14			9			37			40
			20			7			33			40
			15			27			18			40
			17			25			18			40
			22			20			18			40
			25			17			18			40
			30			14			16			40
			16			24			20			40
			24			11			25			40
			9			35			16			40
			13			22			25			40
			31			7			22			40
			17			8			35			40
			17			23			20			40
			13			24			23			40
			18			14			28			40
			23			6			31			40
			27			10			23			40
			24			19			17			40
			10			15			35			40
			16			29			15			40
			20			4			36			40
			11			25			24			40
			27			3			30			40
			10			20			30			40
			21			12			27			40
			24			5			31			40
			22			6			32			40
			19			12			29			40
			30			15			15			40
			24			2			34			40
			9			23			28			40
			25			7			28			40
			13			19			28			40
			29			12			19			40
			18			27			15			40
			17			10			33			40
			16			27			17			40
			31			2			27			40
			28			7			25			40
			9			26			25			40
			21			8			31			40
			14			28			18			40
			35			7			18			40
			22			21			17			40
			27			7			26			40
			25			18			17			40
			20			22			18			40
			35			8			17			40
			20			18			22			40
			32			9			19			40
			12			17			31			40
			28			11			21			40
			25			19			16			40
			9			34			17			40
			11			15			34			40
			22			8			30			40
			16			10			34			40
			27			16			17			40
			14			22			24			40
			18			5			37			40
			24			0			36			40
			34			7			19			40
			27			14			19			40
			21			23			16			40
			14			19			27			40
			28			6			26			40
			19			7			34			40
			16			7			37			40
			10			37			13			40
			13			15			32			40
			9			29			22			40
			12			12			36			40
			23			3			34			40
			19			23			18			40
			21			14			25			40
			27			11			22			40
			18			10			32			40
			20			3			37			40
			22			22			16			40
			30			4			26			40
			21			3			36			40
			20			21			19			40
			30			0			30			40
			14			26			20			40
			25			2			33			40
			29			4			27			40
			9			31			20			40
			21			18			21			40
			34			9			17			40
			25			14			21			40
			27			12			21			40
			27			2			31			40
			17			9			34			40
			26			5			29			40
			32			10			18			40
			32			4			24			40
			11			35			14			40
			12			34			14			40
			19			15			26			40
			29			0			31			40
			24			7			29			40
			13			20			27			40
			35			6			19			40
			16			9			35			40
			27			9			24			40
			30			3			27			40
			10			24			26			40
			20			24			16			40
			22			23			15			40
			21			21			18			40
			25			15			20			40
			17			21			22			40
			17			22			21			40
			23			12			25			40
			28			12			20			40
			34			8			18			40
			19			5			36			40
			16			13			31			40
			33			9			18			40
			12			29			19			40
			23			0			37			40
			13			33			14			40
			29			13			18			40
			15			18			27			40
			32			7			21			40
			16			22			22			40
			18			22			20			40
			33			10			17			40
			23			9			28			40
			17			18			25			40
			17			16			27			40
			29			1			30			40
			11			14			36			39
			33			6			22			39
			21			23			17			39
			24			7			30			39
			12			15			34			39
			32			6			23			39
			14			25			22			39
			26			14			21			39
			14			20			27			39
			19			21			21			39
			11			35			15			39
			12			28			21			39
			11			34			16			39
			23			5			33			39
			9			36			16			39
			19			17			25			39
			11			28			22			39
			9			15			37			39
			28			14			19			39
			23			12			26			39
			27			9			25			39
			10			37			14			39
			21			18			22			39
			25			3			33			39
			14			10			37			39
			21			9			31			39
			19			10			32			39
			16			7			38			39
			28			5			28			39
			10			35			16			39
			9			25			27			39
			20			5			36			39
			18			21			22			39
			17			26			18			39
			31			11			19			39
			20			13			28			39
			15			24			22			39
			13			33			15			39
			26			13			22			39
			13			32			16			39
			23			3			35			39
			31			5			25			39
			16			28			17			39
			10			18			33			39
			29			10			22			39
			17			19			25			39
			31			0			30			39
			21			24			16			39
			19			6			36			39
			29			6			26			39
			18			5			38			39
			10			24			27			39
			17			24			20			39
			26			1			34			39
			12			22			27			39
			11			23			27			39
			13			20			28			39
			27			10			24			39
			32			1			28			39
			26			10			25			39
			10			32			19			39
			11			12			38			39
			15			15			31			39
			20			8			33			39
			13			29			19			39
			15			16			30			39
			34			4			23			39
			19			23			19			39
			23			19			19			39
			14			23			24			39
			35			0			26			39
			30			11			20			39
			32			0			29			39
			29			7			25			39
			23			6			32			39
			9			30			22			39
			16			14			31			39
			19			8			34			39
			11			22			28			39
			28			9			24			39
			13			16			32			39
			22			17			22			39
			35			1			25			39
			13			21			27			39
			19			14			28			39
			26			3			32			39
			15			8			38			39
			19			20			22			39
			29			16			16			39
			17			6			38			39
			30			8			23			39
			25			9			27			39
			20			7			34			39
			9			35			17			39
			22			0			39			39
			12			19			30			39
			17			22			22			39
			26			12			23			39
			19			5			37			39
			17			10			34			39
			30			1			30			39
			11			17			33			39
			32			12			17			39
			24			13			24			39
			20			21			20			39
			11			29			21			39
			18			20			23			39
			17			9			35			39
			24			0			37			39
			33			10			18			39
			25			6			30			39
			11			24			26			39
			17			25			19			39
			25			5			31			39
			20			22			19			39
			11			27			23			39
			10			22			29			39
			26			15			20			39
			21			7			33			39
			29			8			24			39
			35			3			23			39
			17			20			24			39
			19			24			18			39
			9			38			14			39
			30			7			24			39
			11			20			30			39
			34			10			17			39
			28			10			23			39
			28			12			21			39
			13			25			23			39
			15			20			26			39
			12			12			37			39
			14			19			28			39
			19			18			24			39
			12			32			17			39
			9			33			19			39
			29			15			17			39
			19			26			16			39
			10			29			22			39
			10			13			38			39
			35			7			19			39
			21			16			24			39
			19			19			23			39
			24			9			28			39
			28			13			20			39
			13			28			20			39
			32			5			24			39
			25			16			20			39
			21			6			34			39
			11			21			29			39
			13			10			38			39
			35			8			18			39
			21			4			36			39
			21			8			32			39
			22			19			20			39
			27			12			22			39
			25			19			17			39
			26			17			18			39
			11			13			37			39
			14			22			25			39
			23			13			25			39
			15			21			25			39
			19			7			35			39
			27			18			16			39
			10			30			21			39
			27			5			29			39
			13			18			30			39
			20			4			37			39
			12			23			26			39
			23			1			37			39
			17			8			36			39
			25			8			28			39
			26			16			19			39
			16			13			32			39
			10			16			35			39
			13			27			21			39
			16			17			28			39
			20			6			35			39
			11			33			17			39
			10			20			31			39
			12			13			36			39
			14			21			26			39
			24			2			35			39
			13			24			24			39
			25			1			35			39
			16			20			25			39
			25			14			22			39
			20			2			39			39
			23			21			17			39
			20			17			24			39
			9			28			24			39
			32			7			22			39
			14			16			31			39
			16			9			36			39
			34			5			22			39
			22			7			32			39
			25			17			19			39
			32			11			18			39
			12			21			28			39
			22			10			29			39
			31			2			28			39
			16			21			24			39
			26			11			24			39
			22			2			37			39
			15			23			23			39
			14			31			16			39
			18			9			34			39
			21			22			18			39
			30			14			17			39
			27			0			34			39
			22			3			36			39
			15			22			24			39
			13			17			31			39
			27			11			23			39
			27			7			27			39
			22			21			18			39
			17			11			33			39
			34			6			21			39
			23			8			30			39
			24			8			29			39
			33			7			21			39
			9			17			35			39
			24			12			25			39
			33			11			17			39
			18			13			30			39
			28			0			33			39
			21			21			19			39
			11			30			20			39
			25			4			32			39
			17			14			30			39
			27			16			18			39
			10			21			30			39
			25			12			24			39
			28			16			17			39
			23			0			38			39
			29			5			27			39
			9			37			15			39
			20			11			30			39
			9			18			34			39
			10			36			15			39
			11			32			18			39
			11			18			32			39
			21			20			20			39
			20			16			25			39
			23			15			23			39
			34			7			20			39
			17			23			21			39
			21			15			25			39
			29			3			29			39
			17			16			28			39
			24			20			17			39
			30			5			26			39
			20			3			38			39
			10			15			36			39
			33			3			25			39
			24			5			32			39
			30			3			28			39
			22			15			24			39
			22			11			28			39
			28			2			31			39
			28			17			16			39
			17			18			26			39
			10			33			18			39
			22			1			38			39
			32			3			26			39
			27			17			17			39
			16			29			16			39
			33			8			20			39
			21			13			27			39
			29			13			19			39
			12			26			23			39
			20			14			27			39
			34			2			25			39
			24			3			34			39
			13			14			34			39
			21			14			26			39
			35			6			20			39
			15			13			33			39
			21			12			28			39
			30			9			22			39
			16			12			33			39
			16			30			15			39
			24			19			18			39
			27			4			30			39
			16			24			21			39
			18			6			37			39
			29			12			20			39
			11			25			25			39
			31			7			23			39
			15			29			17			39
			34			3			24			39
			19			15			27			39
			12			17			32			39
			30			4			27			39
			19			11			31			39
			26			6			29			39
			24			17			20			39
			20			25			16			39
			16			10			35			39
			15			9			37			39
			20			18			23			39
			20			10			31			39
			30			0			31			39
			22			4			35			39
			22			8			31			39
			18			7			36			39
			16			15			30			39
			26			7			28			39
			12			25			24			39
			21			3			37			39
			15			12			34			39
			32			10			19			39
			12			29			20			39
			19			12			30			39
			17			13			31			39
			15			11			35			39
			32			9			20			39
			28			3			30			39
			19			16			26			39
			21			2			38			39
			29			14			18			39
			25			15			21			39
			11			31			19			39
			31			10			20			39
			9			27			25			39
			24			15			22			39
			14			12			35			39
			23			14			24			39
			33			1			27			39
			24			10			27			39
			10			19			32			39
			27			3			31			39
			30			13			18			39
			28			15			18			39
			15			26			20			39
			18			18			25			39
			17			17			27			39
			14			27			20			39
			13			15			33			39
			9			32			20			39
			22			6			33			39
			18			26			17			39
			14			24			23			39
			34			0			27			39
			18			22			21			39
			13			30			18			39
			17			15			29			39
			10			31			20			39
			9			34			18			39
			13			31			17			39
			18			15			28			39
			22			14			25			39
			15			27			19			39
			9			22			30			39
			25			20			16			39
			12			24			25			39
			23			9			29			39
			22			16			23			39
			15			28			18			39
			28			6			27			39
			11			15			35			39
			28			7			26			39
			23			18			20			39
			25			10			26			39
			21			17			23			39
			16			26			19			39
			23			17			21			39
			10			34			17			39
			19			27			15			39
			18			12			31			39
			27			2			32			39
			22			22			17			39
			14			14			33			39
			23			20			18			39
			22			5			34			39
			18			19			24			39
			22			9			30			39
			27			14			20			39
			9			31			21			39
			20			19			22			39
			17			28			16			39
			14			15			32			39
			17			21			23			39
			20			20			21			39
			10			26			25			39
			26			2			33			39
			14			26			21			39
			20			24			17			39
			18			24			19			39
			12			14			35			39
			34			9			18			39
			24			18			19			39
			22			23			16			39
			10			17			34			39
			14			32			15			39
			13			22			26			39
			23			7			31			39
			32			4			25			39
			11			16			34			39
			24			14			23			39
			14			18			29			39
			11			26			24			39
			34			8			19			39
			32			2			27			39
			25			0			36			39
			17			12			32			39
			29			0			32			39
			28			11			22			39
			19			13			29			39
			33			9			19			39
			18			10			33			39
			9			19			33			39
			33			0			28			39
			14			13			34			39
			29			2			30			39
			35			4			22			39
			29			1			31			39
			29			4			28			39
			20			9			32			39
			24			21			16			39
			23			16			22			39
			35			5			21			39
			18			28			15			39
			18			14			29			39
			12			27			22			39
			15			19			27			39
			14			11			36			39
			33			5			23			39
			25			11			25			39
			18			17			26			39
			28			4			29			39
			15			18			28			39
			9			20			32			39
			31			1			29			39
			16			23			22			39
			26			19			16			39
			27			15			19			39
			26			5			30			39
			10			25			26			39
			10			14			37			39
			35			9			17			39
			24			1			36			39
			26			8			27			39
			17			27			17			39
			14			17			30			39
			18			16			27			39
			31			12			18			39
			13			11			37			39
			22			20			19			39
			16			18			27			39
			32			8			21			39
			20			15			26			39
			25			18			18			39
			18			25			18			39
			21			19			21			39
			33			2			26			39
			23			2			36			39
			23			22			16			39
			25			13			23			39
			9			26			26			39
			33			4			24			39
			17			29			15			39
			13			23			25			39
			21			1			39			39
			21			10			30			39
			17			7			37			39
			15			17			29			39
			10			28			23			39
			26			4			31			39
			31			6			24			39
			13			13			35			39
			23			4			34			39
			16			19			26			39
			19			9			33			39
			12			31			18			39
			15			25			21			39
			15			31			15			39
			25			2			34			39
			30			10			21			39
			14			28			19			39
			10			27			24			39
			24			4			33			39
			19			22			20			39
			9			24			28			39
			12			20			29			39
			23			11			27			39
			12			33			16			39
			30			2			29			39
			24			16			21			39
			14			29			18			39
			12			16			33			39
			26			9			26			39
			22			12			27			39
			9			29			23			39
			9			21			31			39
			25			7			29			39
			18			8			35			39
			21			5			35			39
			15			14			32			39
			12			34			15			39
			14			9			38			39
			24			6			31			39
			27			13			21			39
			11			19			31			39
			31			8			22			39
			27			1			33			39
			19			25			17			39
			24			11			26			39
			31			9			21			39
			14			30			17			39
			31			3			27			39
			18			27			16			39
			16			16			29			39
			13			26			22			39
			16			27			18			39
			15			30			16			39
			27			6			28			39
			26			0			35			39
			30			12			19			39
			29			11			21			39
			15			10			36			39
			9			23			29			39
			16			11			34			39
			22			18			21			39
			35			2			24			39
			20			23			18			39
			16			8			37			39
			26			18			17			39
			23			10			28			39
			34			1			26			39
			30			6			25			39
			18			11			32			39
			12			30			19			39
			16			25			20			39
			31			4			26			39
			27			8			26			39
			18			23			20			39
			22			13			26			39
			13			12			36			39
			13			19			29			39
			12			18			31			39
			9			16			36			39
			20			12			29			39
			12			11			38			39
			29			9			23			39
			16			22			23			39
			28			1			32			39
			31			13			17			39
			19			4			38			39
			10			23			28			39
			28			8			25			39
			21			11			29			39
			12			24			26			38
			22			23			17			38
			32			1			29			38
			31			10			21			38
			21			6			35			38
			28			1			33			38
			15			8			39			38
			24			12			26			38
			30			1			31			38
			27			4			31			38
			11			23			28			38
			21			8			33			38
			34			2			26			38
			31			1			30			38
			22			4			36			38
			33			6			23			38
			17			7			38			38
			24			11			27			38
			17			21			24			38
			13			13			36			38
			25			20			17			38
			16			27			19			38
			20			8			34			38
			19			13			30			38
			17			27			18			38
			23			6			33			38
			32			9			21			38
			21			7			34			38
			11			35			16			38
			13			12			37			38
			25			10			27			38
			28			10			24			38
			13			15			34			38
			22			8			32			38
			16			30			16			38
			11			30			21			38
			20			5			37			38
			13			21			28			38
			19			10			33			38
			19			7			36			38
			9			34			19			38
			19			4			39			38
			12			21			29			38
			15			16			31			38
			9			19			34			38
			27			8			27			38
			16			18			28			38
			12			29			21			38
			15			28			19			38
			26			0			36			38
			11			19			32			38
			12			19			31			38
			10			23			29			38
			9			15			38			38
			25			15			22			38
			18			5			39			38
			28			9			25			38
			27			1			34			38
			14			12			36			38
			18			22			22			38
			29			3			30			38
			22			12			28			38
			34			0			28			38
			12			20			30			38
			19			11			32			38
			21			16			25			38
			23			11			28			38
			33			1			28			38
			28			11			23			38
			27			0			35			38
			24			2			36			38
			29			12			21			38
			34			4			24			38
			12			28			22			38
			16			28			18			38
			35			0			27			38
			23			4			35			38
			33			5			24			38
			17			10			35			38
			35			1			26			38
			26			17			19			38
			23			12			27			38
			16			26			20			38
			28			5			29			38
			34			6			22			38
			25			11			26			38
			23			3			36			38
			31			6			25			38
			26			15			21			38
			19			16			27			38
			15			23			24			38
			14			14			34			38
			24			21			17			38
			26			3			33			38
			17			29			16			38
			14			28			20			38
			20			7			35			38
			9			17			36			38
			19			14			29			38
			17			24			21			38
			32			6			24			38
			11			14			37			38
			9			32			21			38
			17			26			19			38
			26			6			30			38
			15			10			37			38
			25			2			35			38
			26			18			18			38
			9			14			39			38
			31			7			24			38
			10			28			24			38
			29			9			24			38
			33			10			19			38
			12			26			24			38
			25			19			18			38
			24			16			22			38
			20			14			28			38
			32			10			20			38
			18			8			36			38
			13			16			33			38
			23			9			30			38
			27			2			33			38
			29			13			20			38
			14			23			25			38
			22			10			30			38
			9			24			29			38
			23			15			24			38
			11			29			22			38
			14			19			29			38
			14			17			31			38
			22			15			25			38
			32			7			23			38
			29			10			23			38
			22			3			37			38
			24			17			21			38
			24			10			28			38
			34			3			25			38
			14			24			24			38
			33			4			25			38
			10			13			39			38
			14			10			38			38
			20			21			21			38
			19			3			40			38
			12			18			32			38
			24			7			31			38
			19			20			23			38
			13			10			39			38
			14			18			30			38
			10			24			28			38
			11			16			35			38
			9			18			35			38
			16			17			29			38
			21			5			36			38
			26			9			27			38
			12			25			25			38
			22			7			33			38
			28			7			27			38
			17			14			31			38
			28			0			34			38
			19			9			34			38
			31			4			27			38
			30			2			30			38
			21			21			20			38
			21			2			39			38
			10			22			30			38
			21			19			22			38
			21			17			24			38
			11			32			19			38
			9			28			25			38
			20			3			39			38
			25			6			31			38
			16			23			23			38
			10			35			17			38
			21			10			31			38
			30			8			24			38
			22			2			38			38
			23			21			18			38
			15			26			21			38
			27			18			17			38
			22			11			29			38
			17			20			25			38
			24			15			23			38
			29			15			18			38
			22			16			24			38
			9			20			33			38
			12			15			35			38
			13			32			17			38
			10			33			19			38
			30			10			22			38
			10			19			33			38
			13			19			30			38
			26			2			34			38
			9			27			26			38
			21			11			30			38
			27			17			18			38
			35			5			22			38
			22			0			40			38
			9			35			18			38
			31			2			29			38
			29			0			33			38
			15			20			27			38
			31			12			19			38
			29			11			22			38
			22			19			21			38
			18			9			35			38
			12			14			36			38
			28			12			22			38
			18			19			25			38
			20			2			40			38
			30			11			21			38
			29			1			32			38
			20			15			27			38
			13			28			21			38
			23			18			21			38
			15			31			16			38
			18			15			29			38
			12			23			27			38
			13			17			32			38
			27			5			30			38
			16			7			39			38
			18			13			31			38
			29			14			19			38
			20			11			31			38
			16			9			37			38
			14			22			26			38
			23			19			20			38
			33			11			18			38
			14			30			18			38
			18			28			16			38
			33			3			26			38
			12			33			17			38
			24			5			33			38
			21			22			19			38
			25			1			36			38
			27			15			20			38
			14			21			27			38
			34			5			23			38
			15			25			22			38
			15			30			17			38
			24			14			24			38
			11			26			25			38
			20			12			30			38
			10			26			26			38
			25			13			24			38
			22			1			39			38
			16			25			21			38
			20			22			20			38
			25			17			20			38
			33			8			21			38
			20			23			19			38
			21			9			32			38
			13			18			31			38
			24			20			18			38
			31			0			31			38
			13			30			19			38
			15			22			25			38
			17			15			30			38
			16			15			31			38
			17			19			26			38
			32			8			22			38
			23			17			22			38
			15			12			35			38
			23			7			32			38
			26			4			32			38
			26			13			23			38
			21			3			38			38
			10			36			16			38
			12			17			33			38
			19			12			31			38
			21			18			23			38
			16			22			24			38
			19			22			21			38
			22			20			20			38
			13			24			25			38
			26			16			20			38
			16			20			26			38
			28			4			30			38
			23			14			25			38
			32			0			30			38
			19			24			19			38
			12			34			16			38
			9			22			31			38
			27			13			22			38
			9			31			22			38
			9			33			20			38
			28			2			32			38
			17			9			36			38
			15			29			18			38
			31			9			22			38
			18			20			24			38
			35			7			20			38
			26			7			29			38
			18			6			38			38
			13			33			16			38
			34			7			21			38
			31			11			20			38
			12			22			28			38
			27			11			24			38
			16			24			22			38
			10			31			21			38
			25			7			30			38
			11			34			17			38
			27			14			21			38
			25			16			21			38
			11			13			38			38
			11			25			26			38
			11			28			23			38
			18			24			20			38
			13			29			20			38
			23			16			23			38
			14			31			17			38
			30			14			18			38
			13			11			38			38
			22			22			18			38
			11			18			33			38
			16			21			25			38
			16			14			32			38
			12			32			18			38
			27			10			25			38
			11			33			18			38
			16			13			33			38
			15			17			30			38
			24			18			20			38
			16			16			30			38
			26			8			28			38
			14			26			22			38
			12			13			37			38
			17			11			34			38
			30			9			23			38
			30			13			19			38
			22			18			22			38
			24			0			38			38
			29			5			28			38
			30			7			25			38
			22			6			34			38
			10			21			31			38
			33			9			20			38
			14			11			37			38
			35			9			18			38
			10			34			18			38
			18			7			37			38
			21			20			21			38
			15			14			33			38
			26			5			31			38
			14			15			33			38
			12			16			34			38
			28			14			20			38
			10			32			20			38
			30			4			28			38
			24			9			29			38
			34			9			19			38
			21			24			17			38
			14			20			28			38
			35			2			25			38
			21			13			28			38
			31			13			18			38
			32			5			25			38
			25			14			23			38
			35			6			21			38
			19			6			37			38
			24			19			19			38
			33			0			29			38
			11			22			29			38
			35			3			24			38
			20			24			18			38
			22			5			35			38
			9			21			32			38
			14			27			21			38
			19			15			28			38
			18			26			18			38
			21			23			18			38
			23			2			37			38
			9			23			30			38
			31			5			26			38
			22			9			31			38
			20			18			24			38
			33			2			27			38
			26			12			24			38
			25			3			34			38
			17			16			29			38
			24			3			35			38
			23			10			29			38
			19			26			17			38
			35			4			23			38
			9			36			17			38
			15			18			29			38
			17			28			17			38
			19			8			35			38
			23			8			31			38
			14			9			39			38
			15			21			26			38
			9			30			23			38
			13			20			29			38
			11			31			20			38
			18			23			21			38
			23			0			39			38
			34			1			27			38
			11			27			24			38
			15			15			32			38
			17			12			33			38
			14			16			32			38
			32			11			19			38
			13			27			22			38
			11			12			39			38
			29			6			27			38
			18			14			30			38
			34			10			18			38
			14			13			35			38
			13			22			27			38
			10			30			22			38
			15			19			28			38
			20			9			33			38
			20			20			22			38
			24			4			34			38
			34			8			20			38
			9			37			16			38
			27			9			26			38
			10			29			23			38
			21			1			40			38
			18			16			28			38
			14			25			23			38
			32			2			28			38
			26			11			25			38
			19			19			24			38
			25			0			37			38
			18			10			34			38
			13			25			24			38
			12			30			20			38
			31			3			28			38
			32			12			18			38
			29			8			25			38
			17			17			28			38
			20			19			23			38
			9			26			27			38
			14			32			16			38
			22			13			27			38
			27			16			19			38
			28			8			26			38
			9			25			28			38
			28			17			17			38
			15			24			23			38
			27			12			23			38
			17			25			20			38
			18			17			27			38
			18			21			23			38
			27			6			29			38
			26			14			22			38
			10			25			27			38
			30			3			29			38
			23			20			19			38
			10			17			35			38
			18			18			26			38
			20			13			29			38
			29			4			29			38
			10			16			36			38
			30			12			20			38
			18			25			19			38
			32			3			27			38
			25			4			33			38
			21			4			37			38
			18			12			32			38
			28			3			31			38
			25			18			19			38
			15			9			38			38
			16			29			17			38
			22			14			26			38
			23			22			17			38
			11			15			36			38
			20			16			26			38
			21			12			29			38
			17			6			39			38
			30			6			26			38
			24			13			25			38
			16			12			34			38
			11			21			30			38
			9			16			37			38
			30			5			27			38
			12			27			23			38
			25			5			32			38
			13			26			23			38
			29			2			31			38
			19			5			38			38
			20			17			25			38
			12			12			38			38
			30			0			32			38
			11			20			31			38
			12			31			19			38
			24			1			37			38
			17			18			27			38
			25			8			29			38
			28			15			19			38
			21			14			27			38
			10			20			32			38
			22			21			19			38
			16			8			38			38
			26			19			17			38
			10			27			25			38
			31			8			23			38
			9			38			15			38
			32			4			26			38
			19			23			20			38
			20			4			38			38
			10			18			34			38
			23			13			26			38
			13			23			26			38
			28			16			18			38
			17			13			32			38
			16			11			35			38
			15			11			36			38
			29			7			26			38
			21			15			26			38
			27			7			28			38
			13			14			35			38
			35			8			19			38
			24			8			30			38
			13			31			18			38
			19			25			18			38
			12			11			39			38
			16			10			36			38
			9			29			24			38
			22			17			23			38
			11			24			27			38
			23			1			38			38
			19			17			26			38
			16			19			27			38
			23			5			34			38
			17			8			37			38
			27			3			32			38
			28			6			28			38
			17			23			22			38
			18			27			17			38
			14			29			19			38
			19			21			22			38
			11			17			34			38
			25			12			25			38
			17			22			23			38
			10			15			37			38
			15			27			20			38
			15			13			34			38
			26			10			26			38
			20			10			32			38
			26			1			35			38
			19			18			25			38
			28			13			21			38
			33			7			22			38
			20			6			36			38
			20			25			17			38
			18			11			33			38
			24			6			32			38
			10			14			38			38
			25			9			28			38
